4
8
2012
2020
2110
2121
2000
2012
2022
2220
4
8
2012
2020
2110
2121
2000
2012
2022
2220
4
8
2012
2020
2110
2121
2000
2012
2022
2220
4
8
2012
2020
2110
2121
2000
2012
2022
2220
4
7
2022
2020
2120
2121
2022
2022
2220
4
7
2022
2020
2120
2121
2022
2022
2220
4
5
2020
2121
2020
2022
2220
4
5
2020
2121
2020
2022
2220
4
8
2012
2020
2110
2121
2000
2012
2022
2220
4
8
2012
2020
2110
2121
2000
2012
2022
2220
4
7
2022
2020
2120
2121
2022
2022
2220
4
7
2022
2020
2120
2121
2022
2022
2220
4
5
2020
2121
2020
2022
2220
4
5
2020
2121
2020
2022
2220
4
7
0202
1212
1220
1222
2200
2212
2220
4
4
0202
1212
1222
2212
4
4
0202
1212
1222
2212
4
4
0202
1212
1222
2212
4
4
0202
1212
1222
2212
4
4
0202
1212
1222
2212
4
4
0202
1212
1222
2212
4
4
0202
1212
1222
2212
4
4
0202
1212
1222
2212
4
4
0202
1212
1222
2212
4
4
0202
1212
1222
2212
4
4
0202
1212
1222
2212
4
4
0202
1212
1222
2212
4
4
0202
1212
1222
2212
4
8
0202
1012
1022
1112
1222
2002
2012
2022
4
8
0202
1012
1022
1112
1222
2002
2012
2022
4
8
0202
1012
1022
1112
1222
2002
2012
2022
4
8
0202
1012
1022
1112
1222
2002
2012
2022
4
6
1022
1022
1122
1222
2022
2022
4
2
2022
2022
