32
3
12002212220222102222022221222012
11102222220222202222222220222002
22222212222222102122222222222121
0
0
32
4
02221012222221222222222021202222
22200102222220222222220001222222
22202010222222212222220001212222
02212100222221212222221120212222
0
0
32
2
22022220222222022221202110221201
22122220202222222221210122220020
0
0
32
2
00022212222211221022111222200021
22022212222222210222201222211020
0
0
32
3
22122222122121222202212212222221
22022222222021012212222011222201
22022222122120102202212120222202
0
0
32
3
22202201222222212211221222202221
20202202222221202211210222012210
22222201022220202220201222122220
0
0
32
2
20211222220112120102202222002212
00222222222212121222202222022202
0
0
32
2
10102221222212210220222221122202
20021220222212120220222220120222
0
0
32
2
22222222220222212122101222020202
22222222220212222222022222220212
0
0
32
2
22202221222222222221220220212122
22212220222202202220220211222022
0
0
32
3
22222222122122011002221022222222
22222221122022101202202022200212
22222221222102020202220212210212
0
0
32
3
22222212122122021222222112222222
21222202122021000212221122220220
20221222122020200212220022221222
0
0
32
2
22222222212222022122222202222202
22222222112122112222222202222202
0
0
32
3
20222222220222122120200222022222
21222221200022202020220221012222
20221222221122112221210222010222
0
0
32
2
12022122212222220222112222220221
02222022212202210222002202220221
0
0
32
3
22122212122022022222222222220022
22022202012122112222021222202222
22022202012222002222221222122122
0
0
32
4
21222220222122020221202212222202
20222222222022212021202212202002
02222202222222010221202202222102
20222211222222221121202212222122
0
0
32
3
22220010222022221222222222022212
11201122222022202222222022020202
10202210211222202222222122022212
0
0
32
2
22200102222222212222022222212222
22211222002222222222120222222222
0
0
32
2
02222222220222220222220202222211
22220222222222211222021222221221
0
0
32
2
02212222221222222220221201202211
02201222221220222220222200222200
0
0
32
3
21200222211222222202122000222222
22201122222222212212122212020222
22211022221222202222022220122222
0
0
32
2
22222222020020222022002222202221
22222222121220222222112222211220
0
0
32
2
22122202222222202222102222222212
22122122222122112222222221222212
0
0
32
2
22022200222021220022121202200222
22222201222020221122022222220222
0
0
32
3
22212222212212222202222201221221
22202122202202222222222200020221
22222022222212211202222210021121
0
0
32
2
22222011220222222222222202220202
20222211222222222222221210220012
0
0
32
2
21222100212201212122222212222222
22222011210222222022002102222221
0
0
32
3
02022220222202212222011222221222
12122222222212210222100122220222
02022200222222211222021122221222
0
0
32
2
22222220222222222202021222212222
22222220222221122222022222202212
0
0
32
2
22222222020222222220202121210121
22222222022222222222202022220121
0
0
32
2
21222212212222022220220212022222
11220212221222022221220002222202
0
0
32
2
11222122222022202222222022022202
02222120221202222222221222022221
0
0
32
2
22202212222102122222222221110221
22202222212012022222221222201121
0
0
32
2
22222022221202222222222220222122
02222222222200222222202220222022
0
0
32
3
12222121012122012222020222222122
02202120112022102022021222222122
22222221022222102122220222222121
0
0
32
2
22220220122220122222111220112022
02221221122221022222000222222122
0
0
32
2
22212222212222020020222220221222
22222222202222100122122220221222
0
0
32
2
22222221212222221212101202212222
22222220212222221221201222022222
0
0
32
5
22112222122200210222222221222222
22002220222200210222021220220222
22200221022222212222010222020222
22210222122202210220112222122222
22220220022210220220110222220222
0
0
32
3
21222212022222212022212212222020
20222212222120112022222222221120
22222202122021202222222220220101
0
0
32
2
22110222102222222222021222212222
22210222022222222222121201212102
0
0
32
6
22212222220202210121202022220212
21212022220222211020002102120212
20212222220212202220112202220212
21212222221222202221022002221102
22222222221212210122102122220202
21222222221212201022002102120012
32
1
22222222221212210122102122220202
32
2
12212221222202222212212222220202
21212222220202222222212022021221
0
0
32
2
22122220221222220220222202002222
21122200222122221222222200022222
0
0
32
2
21222222002222220022221022220020
00222222022222221022221222220122
0
0
32
4
20021202212222022221221222212122
22022202221202222020210222222222
11020202211212122220201222202122
21122222210202220221210222202022
0
0
32
2
22202022022222222222002220022210
02222122221222222022122220222220
0
0
32
3
12122212012222022222220220212222
02122022202222122222221211212122
02122222102222122222121200102222
0
0
32
3
21222222222022221212222220212012
20022201222122020202122221210022
22122212222112022202022221200202
0
0
32
3
20021222222222222222221222212122
10222220022202210222202012122222
00022220222002220222202202202022
0
0
32
2
22221221201022202102222222122222
22220220220112222012222200122022
0
0
32
5
02222222022222221202012111202222
12221122202222220202022222212222
12221122002222221222112000222202
22220122002222220222102011202202
12221122222222220212022222212202
0
0
32
5
22101212002201202222212212222122
22012202111210212222212202122122
22221212022221212222222222222122
22021202001211222222212212222222
22101222121220202222222222022022
0
0
32
2
20221210222112222222210222122222
21221200122122222222221222122222
0
0
32
2
22222022220022202222222121112122
22221122222022202222222002022122
0
0
32
2
22211222202220222222220220122222
20211222212220222222221222212222
0
0
32
2
22222220002222022220222221222222
21222220212210122221022220222222
0
0
32
4
22222221222112010020212122220221
22222210222022020021222222220012
22222200222122022020222110222212
22222202222212002221202200220202
0
0
32
5
01222222222022122122222122212120
00220220222122022221122022101012
21221222222022222220112222211020
10220220222222122021210122020001
21220222222022222220112222112122
32
1
01222222222022122122222122212120
32
4
22222222212222021222222211221222
22202221201122021222222201222220
22202220210122221222222112200222
22222220100222022222222101222220
0
0
32
3
21222222222222122222212222222220
20222222120222021222220202222222
10222222221222121222201202222220
0
0
32
4
21210112022222022222222002220122
20212212222222122222222102221222
21210020022222122221222112221022
22211001222222022220222112221122
0
0
32
2
22220221012201222202200002002222
21220222112212222212221212202222
0
0
32
7
22022222022220022212221202212120
12122222000220112202222012201220
10212222210222122212222102221220
12002222110222112212222102222220
20112222112220222222221122210120
10202222011220002222222102212220
10212222120222222202221002221020
0
0
32
2
22212220220222220222021222222222
21202222222222222222222002222222
0
0
32
2
22202222120220222222220002222022
22212222022221222022021202222221
0
0
32
2
21222221220212021222222212020202
11122221220222021220122202022222
0
0
32
2
02202112222102122222212022212022
22222022202002022222222122210122
0
0
32
2
21222222202222122121222222221220
02222222202222221020222222222221
0
0
32
2
22121212022020202220221122222222
22120212122220202120220122121222
0
0
32
6
00222222222122122212200222220102
02212221222022222222211112121122
20222220222021022222200202221012
10222221222221222222202112222112
01212220222020222202220212022112
01222220222121222202211012021002
32
4
00222222222122122212200222220102
20222220222021022222200202221012
10222221222221222222202112222112
01222220222121222202211012021002
32
4
00222222222122122212200222220102
20222220222021022222200202221012
10222221222221222222202112222112
01222220222121222202211012021002
32
1
00222222222122122212200222220102
32
2
20222222221202212222102102201222
22212222201222212222211002220120
0
0
32
2
02220022212222222211222212202221
02220122212222212220222222222210
0
0
32
8
10200022222221222212202000222221
00210122202220222202021222012222
02201122222212212212111212012220
20211122212200202222102200122220
00210122212202202222222221212220
21220222212212202212221212202222
02202122202201222222211200022221
12221122222202202222002101202222
32
4
10200022222221222212202000222221
20211122212200202222102200122220
00210122212202202222222221212220
12221122222202202222002101202222
32
4
10200022222221222212202000222221
20211122212200202222102200122220
00210122212202202222222221212220
12221122222202202222002101202222
0
0
32
4
20022222202022122112222202022220
00021222202220222022122202222220
11122222202121122122102002022210
21022222202020022112012012122212
0
0
32
3
22222122200222222212020122202021
02212222212222212212220022202102
22222022212222202222120022212212
0
0
32
2
20221222122222202202222222222221
10222222022222212002222222222222
0
0
32
2
22222221222102122122212222022222
22222220222002222122202220202222
0
0
32
2
12211212122211022221220222222222
02211002222202020212200222222202
0
0
32
2
02222221222222021222222122220221
02220222222222222222222122221222
0
0
32
2
12212222212222222212222222222222
12200222212222221222220222222222
0
0
32
2
22222222222222221122102110222022
22220221222222222121001010222022
0
0
32
2
22221222222210222222220120002002
20222222022220212222222022022002
0
0
32
3
22222022222222220220201222212001
22221122222122222222202202022212
22220022222222220221212212022012
0
0
32
4
22102220220112222221012212222212
22222221222022222221022122222211
22102222212112222220102022022201
22202221201102222220212212222211
0
0
32
2
00222122022212220222202022022022
10222222022222222222222022022022
0
0
32
2
22202020221222200222220222201122
22212121222122121222200022220012
0
0
32
3
22022222202222022022222102222220
22022212222222022122222212022200
02122222212222012222202222222210
0
0
32
3
12122220022212202201222222202222
22112221022212212112221222202202
22022220022212202022220222212212
0
0
32
2
22222222022002102200212212212222
22222222112120112222212202222222
0
0
32
2
20222122102021022120222222202122
22222022212022002022222222212122
0
0
32
2
20120220220211221222122222222102
12220022221201222222222221222202
0
0
32
2
22222010222022222122112221022222
21202201222222222022212222022022
0
0
32
3
11021210222202022112222202220222
21022222221222022202222212122222
12222200221222222112222202020222
0
0
32
2
00222221222222221202221122220221
22202222222222222212222122021020
0
0
32
6
22222212212222221220220221022222
22121212222020201220221221212220
22222202222221212220222222112121
22022202202022220222222222102022
22021202202020200222220220222022
22110222212022212220222220222220
0
0
32
2
12220222222222220012222002222211
12222222222202220122222012122221
0
0
32
6
02022222022221221202122122222100
12022220222020211202122120222121
02021222102020200212122022211012
12220221122221221212122222222202
22220220122022212212022022210220
02020222212020210202222021201220
32
1
12220221122221221212122222222202
32
3
22022212122121221220222222222212
22122212121022020221222222222212
20022202202021220222222221222202
0
0
32
2
12222222220112222122220220122222
02222222222002222220222220222222
0
0
32
2
21222202222121221022222212022222
12222202211120221121222212222202
0
0
32
2
22212202202222202222202022121222
21212222222222210222112222122122
0
0
32
2
02212222220222202222021122221022
12202222220222222210020120221122
0
0
32
10
22222120122022212222222001022211
22222022221222222122222220222201
02222222020212210222202102222201
02222121022002202022212111122221
12222122221002221222212120022220
22222121121112222122212121022222
12222121220002211122202220222210
12222220022202210122202012122221
12222020120212221122222200022210
12222120220022201122202001122210
32
10
22222120122022212222222001022211
22222022221222222122222220222201
02222222020212210222202102222201
02222121022002202022212111122221
12222122221002221222212120022220
22222121121112222122212121022222
12222121220002211122202220222210
12222220022202210122202012122221
12222020120212221122222200022210
12222120220022201122202001122210
32
10
22222120122022212222222001022211
22222022221222222122222220222201
02222222020212210222202102222201
02222121022002202022212111122221
12222122221002221222212120022220
22222121121112222122212121022222
12222121220002211122202220222210
12222220022202210122202012122221
12222020120212221122222200022210
12222120220022201122202001122210
32
10
22222120122022212222222001022211
22222022221222222122222220222201
02222222020212210222202102222201
02222121022002202022212111122221
12222122221002221222212120022220
22222121121112222122212121022222
12222121220002211122202220222210
12222220022202210122202012122221
12222020120212221122222200022210
12222120220022201122202001122210
32
10
22222120122022212222222001022211
22222022221222222122222220222201
02222222020212210222202102222201
02222121022002202022212111122221
12222122221002221222212120022220
22222121121112222122212121022222
12222121220002211122202220222210
12222220022202210122202012122221
12222020120212221122222200022210
12222120220022201122202001122210
32
10
22222120122022212222222001022211
22222022221222222122222220222201
02222222020212210222202102222201
02222121022002202022212111122221
12222122221002221222212120022220
22222121121112222122212121022222
12222121220002211122202220222210
12222220022202210122202012122221
12222020120212221122222200022210
12222120220022201122202001122210
32
10
22222120122022212222222001022211
22222022221222222122222220222201
02222222020212210222202102222201
02222121022002202022212111122221
12222122221002221222212120022220
22222121121112222122212121022222
12222121220002211122202220222210
12222220022202210122202012122221
12222020120212221122222200022210
12222120220022201122202001122210
32
10
22222120122022212222222001022211
22222022221222222122222220222201
02222222020212210222202102222201
02222121022002202022212111122221
12222122221002221222212120022220
22222121121112222122212121022222
12222121220002211122202220222210
12222220022202210122202012122221
12222020120212221122222200022210
12222120220022201122202001122210
32
10
22222120122022212222222001022211
22222022221222222122222220222201
02222222020212210222202102222201
02222121022002202022212111122221
12222122221002221222212120022220
22222121121112222122212121022222
12222121220002211122202220222210
12222220022202210122202012122221
12222020120212221122222200022210
12222120220022201122202001122210
32
10
22222120122022212222222001022211
22222022221222222122222220222201
02222222020212210222202102222201
02222121022002202022212111122221
12222122221002221222212120022220
22222121121112222122212121022222
12222121220002211122202220222210
12222220022202210122202012122221
12222020120212221122222200022210
12222120220022201122202001122210
32
10
22222120122022212222222001022211
22222022221222222122222220222201
02222222020212210222202102222201
02222121022002202022212111122221
12222122221002221222212120022220
22222121121112222122212121022222
12222121220002211122202220222210
12222220022202210122202012122221
12222020120212221122222200022210
12222120220022201122202001122210
32
10
22222120122022212222222001022211
22222022221222222122222220222201
02222222020212210222202102222201
02222121022002202022212111122221
12222122221002221222212120022220
22222121121112222122212121022222
12222121220002211122202220222210
12222220022202210122202012122221
12222020120212221122222200022210
12222120220022201122202001122210
32
7
22222120222022212222222001022211
22222022221222222122222220222201
12222122221002221222212120022220
22222121221112222122212121022222
12222121220002211122202220222210
12222020220212221122222200022210
12222120220022201122202001122210
0
0
32
2
22222222121202212202222201222222
22222221121222212012222102122202
0
0
32
4
21222222202120212021221202222212
21220220222122222222100112222202
01221222202020202122121102222202
21221222222020212222100102222222
0
0
32
2
22122111220210220020122222221221
22022200222210220020202222120222
0
0
32
3
22220202200222221221122222212222
20221202202220121201122222222222
20221202212220022201122222212222
0
0
32
3
22212022222002222222112222212122
22212222222202222222012212202120
22002022222222222222012212202022
0
0
32
3
22212202200211202022222221222222
22221212221120202222222200022222
22212202212001212022222202122222
0
0
32
2
02222220022222222020211221022222
12122222022222222002222222022202
0
0
32
10
22012120022001202122002222202121
02120122222210212122102222222102
02010021120111202222012222212022
02120222221001202122002022222212
02222121021202222122002122222212
02100121120220222022202022222101
22102222220000212122102222222200
02102222020102202122002122222122
22210120221122222222102122212002
12001221121020212122212122222011
32
10
22012120022001202122002222202121
02120122222210212122102222222102
02010021120111202222012222212022
02120222221001202122002022222212
02222121021202222122002122222212
02100121120220222022202022222101
22102222220000212122102222222200
02102222020102202122002122222122
22210120221122222222102122212002
12001221121020212122212122222011
32
10
22012120022001202122002222202121
02120122222210212122102222222102
02010021120111202222012222212022
02120222221001202122002022222212
02222121021202222122002122222212
02100121120220222022202022222101
22102222220000212122102222222200
02102222020102202122002122222122
22210120221122222222102122212002
12001221121020212122212122222011
32
10
22012120022001202122002222202121
02120122222210212122102222222102
02010021120111202222012222212022
02120222221001202122002022222212
02222121021202222122002122222212
02100121120220222022202022222101
22102222220000212122102222222200
02102222020102202122002122222122
22210120221122222222102122212002
12001221121020212122212122222011
32
10
22012120022001202122002222202121
02120122222210212122102222222102
02010021120111202222012222212022
02120222221001202122002022222212
02222121021202222122002122222212
02100121120220222022202022222101
22102222220000212122102222222200
02102222020102202122002122222122
22210120221122222222102122212002
12001221121020212122212122222011
32
10
22012120022001202122002222202121
02120122222210212122102222222102
02010021120111202222012222212022
02120222221001202122002022222212
02222121021202222122002122222212
02100121120220222022202022222101
22102222220000212122102222222200
02102222020102202122002122222122
22210120221122222222102122212002
12001221121020212122212122222011
32
7
02120122222210212122102222222102
02010021220111202222012222212022
02120222221001202122002022222212
02100121220220222022202022222101
22102222220000212122102222222200
22210120221122222222102122212002
12001221221020212122212122222011
32
5
02120122222210212122102222222102
02120222221001202122002022222212
02100121220220222022202022222101
22102222220000212122102222222200
12001221221020212122212122222011
32
5
02120122222210212122102222222102
02120222221001202122002022222212
02100121220220222022202022222101
22102222220000212122102222222200
12001221221020212122212122222011
0
0
32
2
12220222222000212210201120012222
22222222222102222220211122022222
0
0
32
6
22022022121022222221022211220212
22022122202020222222222221210202
12122222000220221221222212201212
02122022010021220221120202221222
12022222010221220220121222222212
22122122212020222220020221210222
32
2
12122222000220221221222212201212
12022222010221220220121222222212
32
2
12122222000220221221222212201212
12022222010221220220121222222212
0
0
32
7
20221211220212220022022222202122
22222200221222022022022120222212
20220210220212111122022122222102
21221210220222100122022020202112
20221222220222100122022020202102
20222201222202012122122220212012
20221222220212002222222120222002
32
2
20221211220212220022022222202122
20220210220212111122022122222102
32
2
20221211220212220022022222202122
20220210220212111122022122222102
0
0
32
2
00210122222220222222222222012222
02212122222221222222212222121221
0
0
32
4
22202012202022202202022220202222
22112002212222210202222221222222
22122002202222221202222220222222
22022212212122212222222222222222
32
1
22022212212122212222222222222222
32
3
22222100221102222212222022222212
22222010221102222212222022212210
22222102221002212222222022222211
0
0
32
10
22122221222221200222101221012112
22122222222110210222100220112212
22220020222002221221112221022212
22022020022100202220002221212012
22222221022201201222001221022002
22021220222111220221110222122222
22120022122000212220001220012102
22020222122120212222210222222202
22021020122212221222222220012212
22022122222010220220211221122212
32
5
22220020222002221221112221022212
22222221022201201222001221022002
22021220222111220221110222122222
22020222122120212222210222222202
22022122222010220220211221122212
32
5
22220020222002221221112221022212
22222221022201201222001221022002
22021220222111220221110222122222
22020222122120212222210222222202
22022122222010220220211221122212
0
0
32
2
22220220222002222121222221222212
22220222222120222222220222222202
0
0
32
2
12202102222221221212222210212220
22222202222220221212222200222221
0
0
32
2
20212202222222022222222222221122
20202210022222002222222202222212
0
0
32
9
02002221200202222221222222012212
20112222210200212202222222200212
01200222211202222210220222120220
12100220212212222221221222011200
12211220222211212221220222222221
22212221201201202221221222200220
21220222212212202212221222202212
00202221201201222200220222122210
22111220202202212221222222020220
32
9
02002221200202222221222222012212
20112222210200212202222222200212
01200222211202222210220222120220
12100220212212222221221222011200
12211220222211212221220222222221
22212221201201202221221222200220
21220222212212202212221222202212
00202221201201222200220222122210
22111220202202212221222222020220
32
7
02002221200202222221222222012212
02200222211202222210220222120220
12100220212212222221221222011200
12211220222211212221220222222221
22212221201201202221221222200220
22220222212212202212221222202212
22111220202202212221222222020220
32
3
02002221200202222221222222012212
12100220212212222221221222011200
22111220202202212221222222020220
32
2
22100220212212222221221222011200
22111220202202212221222222020220
0
0
32
4
22211202212220022222221222211222
22201212212221111222221212222222
22220212212220112222220202222202
02211222222221111222220212210200
0
0
32
4
10211122220211022222222122022220
02220122221212122222022122121221
10112122220001022221022022220221
00022222222101122222022022220221
0
0
32
2
22122212222222222022220021222202
20022202022222122022220121222212
0
0
32
3
10122002202022022201222222220221
10222212210222122212222222221220
00020012221222222211222222211221
0
0
32
4
00222112201121022221202022220122
22220002211020022222202022220022
01221222222220122221202022221222
21220022212220222220212122220022
32
1
21220022212220222220212122220022
32
2
02222222212022122202222122222120
22221222012022122220202022222211
0
0
32
2
22222222002222221221122222212222
12212222012222222201122222002222
0
0
32
3
22122210222022222022222222222022
22122211222222222202221122212022
02022220222022222122222222202022
0
0
32
2
22022212222222222122222222222101
22022210202221222122222022222020
0
0
32
2
21222220022122021220222022212220
22222221122122220120201222012221
0
0
32
2
20212212122220221200020222202122
20212202100221222002022222222222
0
0
32
2
00212022222212222202122202222012
01222122222202222102022212221212
0
0
32
3
22222212022222202002210222202122
21122212022121212002200222202022
21222212122222202212221222202022
0
0
32
2
02222022222222212102222100212202
12222222222222222112222102222222
0
0
32
2
22212222222222222122220202122220
22202220222202222222221202020221
0
0
32
2
00211222222222122221211222212222
10221112222222120222221222212220
0
0
32
4
22001022012212012222221220222212
22210022212012022122220221212212
22120122012201212122222221222212
22020022112010002222220222222222
0
0
32
2
22022222221202020122222122221022
22122222222222222022222022022002
0
0
32
2
22222202222222222022222122222211
22202202222222222112221222202221
0
0
32
2
22222222021022222122202212122022
22220122222201022022202211022021
0
0
32
2
02210122222212122122221122221112
22221222210222022120221022220002
0
0
32
2
20120220220222111222022222222122
20221222220222002202212222222022
0
0
32
2
20212021222212021202222202212210
21212120222122222222222212212202
0
0
32
3
22222012022222121010220222121122
22122102122212222200221222022222
22222012022212121020221222221122
0
0
32
2
22222212121222002222221120222201
22202002222222022222222122022220
0
0
32
2
22012222222222222202121222211222
22122222022222222222121012221222
0
0
32
2
12222201022221222222022221210222
02212010222221222222022220222022
0
0
32
2
22222222212122200222010212211212
22222222202022210222122212220202
0
0
32
2
22220222020202201222222221212222
22220222221002112222222220121222
0
0
32
3
22202202112222222220202211222202
22222221222222220120202221202102
21212202212222222122222222212212
0
0
32
2
22202221201222021122222212221221
20212222210222122122222202221220
0
0
32
2
02212122122222222200211212121222
02212122222222222220221210120222
0
0
32
3
02222022222012221222022020222022
10222122222001222222102220122122
22222222022022220222202222122022
0
0
32
3
22222202221222022222222122220002
22222211222222102222222022220121
12222221222222000202222122222110
0
0
32
2
22022122221002212022222222022221
22022022222012202022222202022122
0
0
32
2
10201222222221122222121222222210
00220221222220122222120222220220
0
0
32
2
22022122022002221122202221202221
22122222012022222222222220212220
0
0
32
2
21221122222222222222220012100222
20212222222221122222222102122222
0
0
32
4
00022222222222220221210221122122
12122222022112201221202222022222
00202222022112222220212220022022
01222222122202210221202220122222
32
1
01222222122202210221202220122222
32
18
22202220221202221221222020010021
00222021220222220211022021110121
22212220221202220112022021012022
02212122220222221122022220121121
10222220221202222021222122020021
10212222220222222112222122221220
12202022220222221212122122022220
20222121221212222101122121022122
12202121222212221102222222000022
00212221220222221100222220200121
12212220221222220211022122221220
01222222222222220222222021101222
20202020220212222020022021112022
12202122220222221122122220002021
02212122221212220101122220221020
12202221220202222210022120221122
22222220221202220121222122011021
01212221221202221010022121200122
32
18
22202220221202221221222020010021
00222021220222220211022021110121
22212220221202220112022021012022
02212122220222221122022220121121
10222220221202222021222122020021
10212222220222222112222122221220
12202022220222221212122122022220
20222121221212222101122121022122
12202121222212221102222222000022
00212221220222221100222220200121
12212220221222220211022122221220
01222222222222220222222021101222
20202020220212222020022021112022
12202122220222221122122220002021
02212122221212220101122220221020
12202221220202222210022120221122
22222220221202220121222122011021
01212221221202221010022121200122
32
18
22202220221202221221222020010021
00222021220222220211022021110121
22212220221202220112022021012022
02212122220222221122022220121121
10222220221202222021222122020021
10212222220222222112222122221220
12202022220222221212122122022220
20222121221212222101122121022122
12202121222212221102222222000022
00212221220222221100222220200121
12212220221222220211022122221220
01222222222222220222222021101222
20202020220212222020022021112022
12202122220222221122122220002021
02212122221212220101122220221020
12202221220202222210022120221122
22222220221202220121222122011021
01212221221202221010022121200122
32
18
22202220221202221221222020010021
00222021220222220211022021110121
22212220221202220112022021012022
02212122220222221122022220121121
10222220221202222021222122020021
10212222220222222112222122221220
12202022220222221212122122022220
20222121221212222101122121022122
12202121222212221102222222000022
00212221220222221100222220200121
12212220221222220211022122221220
01222222222222220222222021101222
20202020220212222020022021112022
12202122220222221122122220002021
02212122221212220101122220221020
12202221220202222210022120221122
22222220221202220121222122011021
01212221221202221010022121200122
32
18
22202220221202221221222020010021
00222021220222220211022021110121
22212220221202220112022021012022
02212122220222221122022220121121
10222220221202222021222122020021
10212222220222222112222122221220
12202022220222221212122122022220
20222121221212222101122121022122
12202121222212221102222222000022
00212221220222221100222220200121
12212220221222220211022122221220
01222222222222220222222021101222
20202020220212222020022021112022
12202122220222221122122220002021
02212122221212220101122220221020
12202221220202222210022120221122
22222220221202220121222122011021
01212221221202221010022121200122
32
18
22202220221202221221222020010021
00222021220222220211022021110121
22212220221202220112022021012022
02212122220222221122022220121121
10222220221202222021222122020021
10212222220222222112222122221220
12202022220222221212122122022220
20222121221212222101122121022122
12202121222212221102222222000022
00212221220222221100222220200121
12212220221222220211022122221220
01222222222222220222222021101222
20202020220212222020022021112022
12202122220222221122122220002021
02212122221212220101122220221020
12202221220202222210022120221122
22222220221202220121222122011021
01212221221202221010022121200122
32
18
22202220221202221221222020010021
00222021220222220211022021110121
22212220221202220112022021012022
02212122220222221122022220121121
10222220221202222021222122020021
10212222220222222112222122221220
12202022220222221212122122022220
20222121221212222101122121022122
12202121222212221102222222000022
00212221220222221100222220200121
12212220221222220211022122221220
01222222222222220222222021101222
20202020220212222020022021112022
12202122220222221122122220002021
02212122221212220101122220221020
12202221220202222210022120221122
22222220221202220121222122011021
01212221221202221010022121200122
32
18
22202220221202221221222020010021
00222021220222220211022021110121
22212220221202220112022021012022
02212122220222221122022220121121
10222220221202222021222122020021
10212222220222222112222122221220
12202022220222221212122122022220
20222121221212222101122121022122
12202121222212221102222222000022
00212221220222221100222220200121
12212220221222220211022122221220
01222222222222220222222021101222
20202020220212222020022021112022
12202122220222221122122220002021
02212122221212220101122220221020
12202221220202222210022120221122
22222220221202220121222122011021
01212221221202221010022121200122
32
12
00222022220222220211022021110121
02212122220222221122022220121121
10212222220222222112222122221220
12202022220222221212122122022220
20222122221212222101122121022122
12202122222212221102222222000022
00212222220222221100222220200121
01222222222222220222222021101222
12202122220222221122122220002021
02212122221212220101122220221020
12202222220202222210022120221122
01212222221202221010022121200122
32
12
00222022220222220211022021110121
02212122220222221122022220121121
10212222220222222112222122221220
12202022220222221212122122022220
20222122221212222101122121022122
12202122222212221102222222000022
00212222220222221100222220200121
01222222222222220222222021101222
12202122220222221122122220002021
02212122221212220101122220221020
12202222220202222210022120221122
01212222221202221010022121200122
32
12
00222022220222220211022021110121
02212122220222221122022220121121
10212222220222222112222122221220
12202022220222221212122122022220
20222122221212222101122121022122
12202122222212221102222222000022
00212222220222221100222220200121
01222222222222220222222021101222
12202122220222221122122220002021
02212122221212220101122220221020
12202222220202222210022120221122
01212222221202221010022121200122
32
12
00222022220222220211022021110121
02212122220222221122022220121121
10212222220222222112222122221220
12202022220222221212122122022220
20222122221212222101122121022122
12202122222212221102222222000022
00212222220222221100222220200121
01222222222222220222222021101222
12202122220222221122122220002021
02212122221212220101122220221020
12202222220202222210022120221122
01212222221202221010022121200122
32
12
00222022220222220211022021110121
02212122220222221122022220121121
10212222220222222112222122221220
12202022220222221212122122022220
20222122221212222101122121022122
12202122222212221102222222000022
00212222220222221100222220200121
01222222222222220222222021101222
12202122220222221122122220002021
02212122221212220101122220221020
12202222220202222210022120221122
01212222221202221010022121200122
32
12
00222022220222220211022021110121
02212122220222221122022220121121
10212222220222222112222122221220
12202022220222221212122122022220
20222122221212222101122121022122
12202122222212221102222222000022
00212222220222221100222220200121
01222222222222220222222021101222
12202122220222221122122220002021
02212122221212220101122220221020
12202222220202222210022120221122
01212222221202221010022121200122
32
12
00222022220222220211022021110121
02212122220222221122022220121121
10212222220222222112222122221220
12202022220222221212122122022220
20222122221212222101122121022122
12202122222212221102222222000022
00212222220222221100222220200121
01222222222222220222222021101222
12202122220222221122122220002021
02212122221212220101122220221020
12202222220202222210022120221122
01212222221202221010022121200122
32
12
00222022220222220211022021110121
02212122220222221122022220121121
10212222220222222112222122221220
12202022220222221212122122022220
20222122221212222101122121022122
12202122222212221102222222000022
00212222220222221100222220200121
01222222222222220222222021101222
12202122220222221122122220002021
02212122221212220101122220221020
12202222220202222210022120221122
01212222221202221010022121200122
32
12
00222022220222220211022021110121
02212122220222221122022220121121
10212222220222222112222122221220
12202022220222221212122122022220
20222122221212222101122121022122
12202122222212221102222222000022
00212222220222221100222220200121
01222222222222220222222021101222
12202122220222221122122220002021
02212122221212220101122220221020
12202222220202222210022120221122
01212222221202221010022121200122
32
12
00222022220222220211022021110121
02212122220222221122022220121121
10212222220222222112222122221220
12202022220222221212122122022220
20222122221212222101122121022122
12202122222212221102222222000022
00212222220222221100222220200121
01222222222222220222222021101222
12202122220222221122122220002021
02212122221212220101122220221020
12202222220202222210022120221122
01212222221202221010022121200122
32
12
00222022220222220211022021110121
02212122220222221122022220121121
10212222220222222112222122221220
12202022220222221212122122022220
20222122221212222101122121022122
12202122222212221102222222000022
00212222220222221100222220200121
01222222222222220222222021101222
12202122220222221122122220002021
02212122221212220101122220221020
12202222220202222210022120221122
01212222221202221010022121200122
32
12
00222022220222220211022021110121
02212122220222221122022220121121
10212222220222222112222122221220
12202022220222221212122122022220
20222122221212222101122121022122
12202122222212221102222222000022
00212222220222221100222220200121
01222222222222220222222021101222
12202122220222221122122220002021
02212122221212220101122220221020
12202222220202222210022120221122
01212222221202221010022121200122
32
12
00222022220222220211022021110121
02212122220222221122022220121121
10212222220222222112222122221220
12202022220222221212122122022220
20222122221212222101122121022122
12202122222212221102222222000022
00212222220222221100222220200121
01222222222222220222222021101222
12202122220222221122122220002021
02212122221212220101122220221020
12202222220202222210022120221122
01212222221202221010022121200122
32
12
00222022220222220211022021110121
02212122220222221122022220121121
10212222220222222112222122221220
12202022220222221212122122022220
20222122221212222101122121022122
12202122222212221102222222000022
00212222220222221100222220200121
01222222222222220222222021101222
12202122220222221122122220002021
02212122221212220101122220221020
12202222220202222210022120221122
01212222221202221010022121200122
32
9
00222022220222220212022021110121
02212122220222221122022220121121
10212222220222222112222122221220
12202022220222221212122122022220
20222122221212222102122121022122
12202122222212221102222222000022
01222222222222220222222021101222
12202122220222221122122220002021
02212122221212220102122220221020
32
3
00222022220222220212022021110121
12202022220222221212122122022220
01222222222222220222222021101222
32
2
12202022220222221212122122022220
02222222222222220222222021101222
0
0
32
4
22222222202112222010012222121211
22222221202002212002222222010202
02222220212212212201212222101212
02222221212122222112002222212220
0
0
32
2
01212122222020202122222022122022
21202022222022202012200022022022
0
0
32
3
00202222222202222221012212122222
00222222222212222021012212222022
20222122222202222021012212022222
0
0
32
3
12222222022210001212222222012221
12212122121200020202222222012221
22212022120200012202222222202222
0
0
32
6
22212022221220022201122220221202
22002022221121122221021220202222
22011222222220022201121222211122
22200022221021122201021221202212
22022122222021022212021220220212
22111022221121122201122222200012
0
0
32
2
22202212222022222102220022212112
22222212222222022112222022212202
0
0
32
3
20212220222220121222222212222221
20212211222221021222222212122220
21202100222220122222222212102221
0
0
32
4
22222222202220022211112022221122
20222202212220022201121222221122
20222212212222122212222122221222
21222202212221212221012122220122
32
1
20222212212222122212222122221222
32
3
22222220222222222202122201222222
01220222212222020222222210222122
02221221212222021202022220212222
0
0
32
3
02212001221122222222021222212222
02222011220122222222002222222222
02212220221222222221012222222222
0
0
32
2
12222212222222222212102102021122
02222212222022222212121002011122
0
0
32
4
20022122201022220212012212201022
21122222210022222222022201100022
22222022222122221222102110222022
22122222211222220222102122210202
0
0
32
2
21022222222200222222221220210222
00022222222200222222222220202022
0
0
32
2
22222120221122222222222212212002
22222122200122222222222202102022
0
0
32
2
20122221222220122211220002220222
01022220221222202211221202211222
0
0
32
3
20022100222221222222200201222212
21122122222220220222210022222222
20222211222222222222221000222212
0
0
32
3
01202220222002222022222022201220
10202220222222222021222020222221
00222221222022222120022121221222
0
0
32
2
22110222122222221200221222201012
20120222122210220202222222221002
0
0
32
4
02222202212222122102222102222220
22122202212220222202222201222222
12222222222221022102221201222201
02222201212221022012221121221212
0
0
32
2
22222211122222212222222201122222
22222211022222202222212210222222
0
0
32
2
22222222222121222200211212122222
22221222221121222222221022022222
0
0
32
2
21201222122201210220022221122220
20201022121220201222022220022221
0
0
32
2
01222201212222010220222122222212
11122212212222220220222222222222
0
0
32
2
22222220222222220202122211201122
22222221222222211202002200220222
0
0
32
5
20210122122121122212222200122221
22220210022021022202222220222220
22212022122021022200222220122020
22211210122221022221222222222221
21210110222122222222222212222022
0
0
32
2
21222212222222222222222222202022
20022022222222220222222221222022
0
0
32
2
20202222022202222022222121222021
21202222120222222021222022222120
0
0
32
2
01122102022212222222222202210222
00022222022202122222222212200222
0
0
32
2
12212212222221222220022022220222
02222222222220222221122022221222
0
0
32
2
22222222210012222022022022021122
22122212211022222022122022120021
0
0
32
2
22122212222102222221222022222022
22022222122112212220202222112022
0
0
32
3
22022122102222022120222022202222
22022222022222122020222222222212
02222022212222222221222102202222
0
0
32
4
22220222122220212222212222222222
22221221222210222211102222222222
22222220221210202021102222222020
22221121221212202110002222222121
0
0
32
6
22122222222211112000222222222221
22022222022202121202222221121221
22222222212222021200222221021222
02122222122220202120222221121222
02022222022210021011222221220220
12122222212212210122222222220222
32
1
22122222222211112000222222222221
32
3
22122222122222222222022002220122
22011222020122222022222022220122
22101222121022222202022222222022
0
0
32
2
02222222222022221122022220221222
22222222222022220122222222201222
0
0
32
3
22202022212121222222011222202222
21021122222000122222100222212222
22000222202121122222121222212222
0
0
32
2
22112222220220112222021201210202
22212222222222002222222200210202
0
0
32
9
12002022220122121220022221220222
12012120222121122222202221021220
22122220221022020021222222220222
22222022222122021122102120222222
02222121221222120222022120121221
02112022220220121120212021120220
02222220220222022021112222020221
02022121220122021221112221121221
12012122220020120220212221121222
32
9
12002022220122121220022221220222
12012120222121122222202221021220
22122220221022020021222222220222
22222022222122021122102120222222
02222121221222120222022120121221
02112022220220121120212021120220
02222220220222022021112222020221
02022121220122021221112221121221
12012122220020120220212221121222
32
9
12002022220122121220022221220222
12012120222121122222202221021220
22122220221022020021222222220222
22222022222122021122102120222222
02222121221222120222022120121221
02112022220220121120212021120220
02222220220222022021112222020221
02022121220122021221112221121221
12012122220020120220212221121222
32
9
12002022220122121220022221220222
12012120222121122222202221021220
22122220221022020021222222220222
22222022222122021122102120222222
02222121221222120222022120121221
02112022220220121120212021120220
02222220220222022021112222020221
02022121220122021221112221121221
12012122220020120220212221121222
32
9
12002022220122121220022221220222
12012120222121122222202221021220
22122220221022020021222222220222
22222022222122021122102120222222
02222121221222120222022120121221
02112022220220121120212021120220
02222220220222022021112222020221
02022121220122021221112221121221
12012122220020120220212221121222
32
9
12002022220122121220022221220222
12012120222121122222202221021220
22122220221022020021222222220222
22222022222122021122102120222222
02222121221222120222022120121221
02112022220220121120212021120220
02222220220222022021112222020221
02022121220122021221112221121221
12012122220020120220212221121222
32
9
12002022220122121220022221220222
12012120222121122222202221021220
22122220221022020021222222220222
22222022222122021122102120222222
02222121221222120222022120121221
02112022220220121120212021120220
02222220220222022021112222020221
02022121220122021221112221121221
12012122220020120220212221121222
32
9
12002022220122121220022221220222
12012120222121122222202221021220
22122220221022020021222222220222
22222022222122021122102120222222
02222121221222120222022120121221
02112022220220121120212021120220
02222220220222022021112222020221
02022121220122021221112221121221
12012122220020120220212221121222
32
9
12002022220122121220022221220222
12012120222121122222202221021220
22122220221022020021222222220222
22222022222122021122102120222222
02222121221222120222022120121221
02112022220220121120212021120220
02222220220222022021112222020221
02022121220122021221112221121221
12012122220020120220212221121222
32
9
12002022220122121220022221220222
12012120222121122222202221021220
22122220221022020021222222220222
22222022222122021122102120222222
02222121221222120222022120121221
02112022220220121120212021120220
02222220220222022021112222020221
02022121220122021221112221121221
12012122220020120220212221121222
32
9
12002022220122121220022221220222
12012120222121122222202221021220
22122220221022020021222222220222
22222022222122021122102120222222
02222121221222120222022120121221
02112022220220121120212021120220
02222220220222022021112222020221
02022121220122021221112221121221
12012122220020120220212221121222
32
9
12002022220122121220022221220222
12012120222121122222202221021220
22122220221022020021222222220222
22222022222122021122102120222222
02222121221222120222022120121221
02112022220220121120212021120220
02222220220222022021112222020221
02022121220122021221112221121221
12012122220020120220212221121222
32
9
12002022220122121220022221220222
12012120222121122222202221021220
22122220221022020021222222220222
22222022222122021122102120222222
02222121221222120222022120121221
02112022220220121120212021120220
02222220220222022021112222020221
02022121220122021221112221121221
12012122220020120220212221121222
32
9
12002022220122121220022221220222
12012120222121122222202221021220
22122220221022020021222222220222
22222022222122021122102120222222
02222121221222120222022120121221
02112022220220121120212021120220
02222220220222022021112222020221
02022121220122021221112221121221
12012122220020120220212221121222
32
9
12002022220122121220022221220222
12012120222121122222202221021220
22122220221022020021222222220222
22222022222122021122102120222222
02222121221222120222022120121221
02112022220220121120212021120220
02222220220222022021112222020221
02022121220122021221112221121221
12012122220020120220212221121222
32
9
12002022220122121220022221220222
12012120222121122222202221021220
22122220221022020021222222220222
22222022222122021122102120222222
02222121221222120222022120121221
02112022220220121120212021120220
02222220220222022021112222020221
02022121220122021221112221121221
12012122220020120220212221121222
32
7
12002022220122121220022221220222
12012120222121122222202221021220
22222022222122021222102120222222
02222121221222120222022120121221
02112022220220121220212021120220
02022121220122021221112221121221
12012122220020120220212221121222
32
7
12002022220122121220022221220222
12012120222121122222202221021220
22222022222122021222102120222222
02222121221222120222022120121221
02112022220220121220212021120220
02022121220122021221112221121221
12012122220020120220212221121222
32
4
22002022220122121220022221220222
22012120222121122222202221021220
22222022222122021222102120222222
22012122220020120220212221121222
0
0
32
2
10022222222222220222022022210002
01222222220222221222122222221202
0
0
32
2
22222222102122021212212222221211
22220222112120122222212222222202
0
0
32
3
10220022222202122212222120202121
11211022122212222200222120212121
12212222122202022222222220212100
0
0
32
2
22222002022202222222122122222122
22222121122212222122122121222122
0
0
32
13
22022222022200022111111221212220
22122202002221121010112220202222
22022212100221021121120220222221
22022210122211120110212222222221
22022202102201222201222220212221
22122210000200120211012221202222
22122220211210222210011220212221
22022201200212120201122221212220
22122201200222021220122221222222
22222211022222122122200222222221
22222221221212220110002221202221
22022221000212220100011221202222
22122222212200122000010221212222
32
13
22022222022200022111111221212220
22122202002221121010112220202222
22022212100221021121120220222221
22022210122211120110212222222221
22022202102201222201222220212221
22122210000200120211012221202222
22122220211210222210011220212221
22022201200212120201122221212220
22122201200222021220122221222222
22222211022222122122200222222221
22222221221212220110002221202221
22022221000212220100011221202222
22122222212200122000010221212222
32
13
22022222022200022111111221212220
22122202002221121010112220202222
22022212100221021121120220222221
22022210122211120110212222222221
22022202102201222201222220212221
22122210000200120211012221202222
22122220211210222210011220212221
22022201200212120201122221212220
22122201200222021220122221222222
22222211022222122122200222222221
22222221221212220110002221202221
22022221000212220100011221202222
22122222212200122000010221212222
32
13
22022222022200022111111221212220
22122202002221121010112220202222
22022212100221021121120220222221
22022210122211120110212222222221
22022202102201222201222220212221
22122210000200120211012221202222
22122220211210222210011220212221
22022201200212120201122221212220
22122201200222021220122221222222
22222211022222122122200222222221
22222221221212220110002221202221
22022221000212220100011221202222
22122222212200122000010221212222
32
13
22022222022200022111111221212220
22122202002221121010112220202222
22022212100221021121120220222221
22022210122211120110212222222221
22022202102201222201222220212221
22122210000200120211012221202222
22122220211210222210011220212221
22022201200212120201122221212220
22122201200222021220122221222222
22222211022222122122200222222221
22222221221212220110002221202221
22022221000212220100011221202222
22122222212200122000010221212222
32
13
22022222022200022111111221212220
22122202002221121010112220202222
22022212100221021121120220222221
22022210122211120110212222222221
22022202102201222201222220212221
22122210000200120211012221202222
22122220211210222210011220212221
22022201200212120201122221212220
22122201200222021220122221222222
22222211022222122122200222222221
22222221221212220110002221202221
22022221000212220100011221202222
22122222212200122000010221212222
32
13
22022222022200022111111221212220
22122202002221121010112220202222
22022212100221021121120220222221
22022210122211120110212222222221
22022202102201222201222220212221
22122210000200120211012221202222
22122220211210222210011220212221
22022201200212120201122221212220
22122201200222021220122221222222
22222211022222122122200222222221
22222221221212220110002221202221
22022221000212220100011221202222
22122222212200122000010221212222
32
13
22022222022200022111111221212220
22122202002221121010112220202222
22022212100221021121120220222221
22022210122211120110212222222221
22022202102201222201222220212221
22122210000200120211012221202222
22122220211210222210011220212221
22022201200212120201122221212220
22122201200222021220122221222222
22222211022222122122200222222221
22222221221212220110002221202221
22022221000212220100011221202222
22122222212200122000010221212222
32
13
22022222022200022111111221212220
22122202002221121010112220202222
22022212100221021121120220222221
22022210122211120110212222222221
22022202102201222201222220212221
22122210000200120211012221202222
22122220211210222210011220212221
22022201200212120201122221212220
22122201200222021220122221222222
22222211022222122122200222222221
22222221221212220110002221202221
22022221000212220100011221202222
22122222212200122000010221212222
32
13
22022222022200022111111221212220
22122202002221121010112220202222
22022212100221021121120220222221
22022210122211120110212222222221
22022202102201222201222220212221
22122210000200120211012221202222
22122220211210222210011220212221
22022201200212120201122221212220
22122201200222021220122221222222
22222211022222122122200222222221
22222221221212220110002221202221
22022221000212220100011221202222
22122222212200122000010221212222
32
13
22022222022200022111111221212220
22122202002221121010112220202222
22022212100221021121120220222221
22022210122211120110212222222221
22022202102201222201222220212221
22122210000200120211012221202222
22122220211210222210011220212221
22022201200212120201122221212220
22122201200222021220122221222222
22222211022222122122200222222221
22222221221212220110002221202221
22022221000212220100011221202222
22122222212200122000010221212222
32
13
22022222022200022111111221212220
22122202002221121010112220202222
22022212100221021121120220222221
22022210122211120110212222222221
22022202102201222201222220212221
22122210000200120211012221202222
22122220211210222210011220212221
22022201200212120201122221212220
22122201200222021220122221222222
22222211022222122122200222222221
22222221221212220110002221202221
22022221000212220100011221202222
22122222212200122000010221212222
32
9
22022222022200022111111221212220
22022222100221021121120220222221
22022220122211120110212222222221
22122220000200120211012221202222
22122220211210222210011220212221
22222221022222122122200222222221
22222221221212220110002221202221
22022221000212220100011221202222
22122222212200122000010221212222
32
9
22022222022200022111111221212220
22022222100221021121120220222221
22022220122211120110212222222221
22122220000200120211012221202222
22122220211210222210011220212221
22222221022222122122200222222221
22222221221212220110002221202221
22022221000212220100011221202222
22122222212200122000010221212222
32
6
22022222022200022111111221212220
22022222100221021121120220222221
22222222022222122122200222222221
22222222221212220110002221202221
22022222000212220100011221202222
22122222212200122000010221212222
32
6
22022222022200022111111221212220
22022222100221021121120220222221
22222222022222122122200222222221
22222222221212220110002221202221
22022222000212220100011221202222
22122222212200122000010221212222
32
6
22022222022200022111111221212220
22022222100221021121120220222221
22222222022222122122200222222221
22222222221212220110002221202221
22022222000212220100011221202222
22122222212200122000010221212222
32
6
22022222022200022111111221212220
22022222100221021121120220222221
22222222022222122122200222222221
22222222221212220110002221202221
22022222000212220100011221202222
22122222212200122000010221212222
32
4
22022222100221021121120220222221
22222222022222122122200222222221
22222222221222220110002221202221
22022222000222220100011221202222
0
0
32
4
22221222001012222222212210202212
00220221202112220222212212212222
12220222012222201222200201212222
20221221201222201222200220212212
0
0
32
3
22202020220222002212222102212212
22210222121222222212222212102222
22211020121222122222222212222222
0
0
32
4
22221022122220222012210222201122
22220022122020202012210222212120
22221122222022202222222222220102
22220222022211202002221222211001
0
0
32
2
22222202222012202222220022222212
22222211220202202222221022222212
0
0
32
4
22012222121210212002222222122212
22202221222211211202222222022221
22202221021202000002222222122222
22102221220200020122222222122221
0
0
32
2
22222122202020212002222221020002
22222022012220212101222221222112
0
0
32
2
22222212022121122222221222202222
22222222122220120022222222022022
0
0
32
4
02202221220222220202222222222221
02211221122220221200022222221222
10200222222222220202222222221221
22222220022220222222122222220222
0
0
32
2
22202221220222222221202220022222
22212202220222122220202212022222
0
0
32
11
22212202210222212122220222122002
22112222022222210122221210002201
22212202221022200222220202102220
22022122122122201022220202102011
22022212212122220222220201102202
22022002020122210122220210012010
22122012201122212022222200112112
22012012120122211022222222222001
22102002202022201022220222012022
22022202001022220122222212102022
22112012211222212022222200022212
32
11
22212202210222212122220222122002
22112222022222210122221210002201
22212202221022200222220202102220
22022122122122201022220202102011
22022212212122220222220201102202
22022002020122210122220210012010
22122012201122212022222200112112
22012012120122211022222222222001
22102002202022201022220222012022
22022202001022220122222212102022
22112012211222212022222200022212
32
11
22212202210222212122220222122002
22112222022222210122221210002201
22212202221022200222220202102220
22022122122122201022220202102011
22022212212122220222220201102202
22022002020122210122220210012010
22122012201122212022222200112112
22012012120122211022222222222001
22102002202022201022220222012022
22022202001022220122222212102022
22112012211222212022222200022212
32
11
22212202210222212122220222122002
22112222022222210122221210002201
22212202221022200222220202102220
22022122122122201022220202102011
22022212212122220222220201102202
22022002020122210122220210012010
22122012201122212022222200112112
22012012120122211022222222222001
22102002202022201022220222012022
22022202001022220122222212102022
22112012211222212022222200022212
32
11
22212202210222212122220222122002
22112222022222210122221210002201
22212202221022200222220202102220
22022122122122201022220202102011
22022212212122220222220201102202
22022002020122210122220210012010
22122012201122212022222200112112
22012012120122211022222222222001
22102002202022201022220222012022
22022202001022220122222212102022
22112012211222212022222200022212
32
11
22212202210222212122220222122002
22112222022222210122221210002201
22212202221022200222220202102220
22022122122122201022220202102011
22022212212122220222220201102202
22022002020122210122220210012010
22122012201122212022222200112112
22012012120122211022222222222001
22102002202022201022220222012022
22022202001022220122222212102022
22112012211222212022222200022212
32
11
22212202210222212122220222122002
22112222022222210122221210002201
22212202221022200222220202102220
22022122122122201022220202102011
22022212212122220222220201102202
22022002020122210122220210012010
22122012201122212022222200112112
22012012120122211022222222222001
22102002202022201022220222012022
22022202001022220122222212102022
22112012211222212022222200022212
32
11
22212202210222212122220222122002
22112222022222210122221210002201
22212202221022200222220202102220
22022122122122201022220202102011
22022212212122220222220201102202
22022002020122210122220210012010
22122012201122212022222200112112
22012012120122211022222222222001
22102002202022201022220222012022
22022202001022220122222212102022
22112012211222212022222200022212
32
11
22212202210222212122220222122002
22112222022222210122221210002201
22212202221022200222220202102220
22022122122122201022220202102011
22022212212122220222220201102202
22022002020122210122220210012010
22122012201122212022222200112112
22012012120122211022222222222001
22102002202022201022220222012022
22022202001022220122222212102022
22112012211222212022222200022212
32
11
22212202210222212122220222122002
22112222022222210122221210002201
22212202221022200222220202102220
22022122122122201022220202102011
22022212212122220222220201102202
22022002020122210122220210012010
22122012201122212022222200112112
22012012120122211022222222222001
22102002202022201022220222012022
22022202001022220122222212102022
22112012211222212022222200022212
32
8
22212202220222212122220222122002
22112222022222210122221210002201
22212202221022200222220202102220
22022122122122201022220202102011
22022212222122220222220201102202
22022002020122210122220210012010
22012012120122211022222222222001
22112012221222212022222200022212
32
1
22022212222122220222220201102202
32
2
22012022220222220122222120222220
22122122221212221022202220222220
0
0
32
2
22220222112022000221120222222222
20221222202222020221022020122220
0
0
32
3
22210220220211222202212200122222
22220222221201222202212200022222
12221220220010222212212200022222
0
0
32
4
12222222202122202201020220221022
12222222102122202211221220220112
02222222212022222221021200221122
02222222012022222210022201221112
0
0
32
2
22012022120202120222220022220222
22212122121222122220222022221222
0
0
32
2
22222202222210122222021222212212
22222222222221021222022212112202
0
0
32
2
21221221222212222222202022222222
21202221222202220222221022222220
0
0
32
3
22012220222100212221222222222122
22112222222000222222202012222022
22222220112011202222222000222122
0
0
32
2
22002022202022202220022022212222
22122222002122222221122122222222
0
0
32
2
22222221221222222221222211220202
02222221222220222221222222221222
0
0
32
2
02212221202212222022021222101122
22222220112202222022222222102022
0
0
32
2
11222212222221222220021221222222
11222202222222202222121121202222
0
0
32
10
01222122222202022202022122222212
21221022222222122221021021222221
01202222222222202200121122222222
22200222222222112211221222222221
22220022222210102220221022222220
11210122222210222200020021222210
01221222222210122211122022222222
21221122222200002202220220222222
11221022222211212202021022222210
20201122222201112221122020222211
32
6
21221022222222122221021021222221
01202222222222202200121122222222
22200222222222112211221222222221
22220022222210102220221022222220
01221222222210122211122022222222
21221122222200002202220220222222
32
6
21221022222222122221021021222221
01202222222222202200121122222222
22200222222222112211221222222221
22220022222210102220221022222220
01221222222210122211122022222222
21221122222200002202220220222222
0
0
32
5
20120212022122122221022122202202
22121202022222121010122222202122
22122212122022020021222222222012
21220222022022211211222022212012
21122222122122121120122222202222
0
0
32
13
22220022212101221200222202202222
21110222211111220211222221212202
00101122202010221212122202222202
20021222221201220201222211202212
21220222221111222201222220202212
20000022212001222220122200212222
12222122211002222211122221202212
10101222210111221222222200202202
11201122222022222222222202222202
10010122201211221221222211212212
22221122221212220210022221202202
21101022200211222212122211202222
02221222200101221221222200202202
32
13
22220022212101221200222202202222
21110222211111220211222221212202
00101122202010221212122202222202
20021222221201220201222211202212
21220222221111222201222220202212
20000022212001222220122200212222
12222122211002222211122221202212
10101222210111221222222200202202
11201122222022222222222202222202
10010122201211221221222211212212
22221122221212220210022221202202
21101022200211222212122211202222
02221222200101221221222200202202
32
13
22220022212101221200222202202222
21110222211111220211222221212202
00101122202010221212122202222202
20021222221201220201222211202212
21220222221111222201222220202212
20000022212001222220122200212222
12222122211002222211122221202212
10101222210111221222222200202202
11201122222022222222222202222202
10010122201211221221222211212212
22221122221212220210022221202202
21101022200211222212122211202222
02221222200101221221222200202202
32
13
22220022212101221200222202202222
21110222211111220211222221212202
00101122202010221212122202222202
20021222221201220201222211202212
21220222221111222201222220202212
20000022212001222220122200212222
12222122211002222211122221202212
10101222210111221222222200202202
11201122222022222222222202222202
10010122201211221221222211212212
22221122221212220210022221202202
21101022200211222212122211202222
02221222200101221221222200202202
32
13
22220022212101221200222202202222
21110222211111220211222221212202
00101122202010221212122202222202
20021222221201220201222211202212
21220222221111222201222220202212
20000022212001222220122200212222
12222122211002222211122221202212
10101222210111221222222200202202
11201122222022222222222202222202
10010122201211221221222211212212
22221122221212220210022221202202
21101022200211222212122211202222
02221222200101221221222200202202
32
13
22220022212101221200222202202222
21110222211111220211222221212202
00101122202010221212122202222202
20021222221201220201222211202212
21220222221111222201222220202212
20000022212001222220122200212222
12222122211002222211122221202212
10101222210111221222222200202202
11201122222022222222222202222202
10010122201211221221222211212212
22221122221212220210022221202202
21101022200211222212122211202222
02221222200101221221222200202202
32
13
22220022212101221200222202202222
21110222211111220211222221212202
00101122202010221212122202222202
20021222221201220201222211202212
21220222221111222201222220202212
20000022212001222220122200212222
12222122211002222211122221202212
10101222210111221222222200202202
11201122222022222222222202222202
10010122201211221221222211212212
22221122221212220210022221202202
21101022200211222212122211202222
02221222200101221221222200202202
32
13
22220022212101221200222202202222
21110222211111220211222221212202
00101122202010221212122202222202
20021222221201220201222211202212
21220222221111222201222220202212
20000022212001222220122200212222
12222122211002222211122221202212
10101222210111221222222200202202
11201122222022222222222202222202
10010122201211221221222211212212
22221122221212220210022221202202
21101022200211222212122211202222
02221222200101221221222200202202
32
13
22220022212101221200222202202222
21110222211111220211222221212202
00101122202010221212122202222202
20021222221201220201222211202212
21220222221111222201222220202212
20000022212001222220122200212222
12222122211002222211122221202212
10101222210111221222222200202202
11201122222022222222222202222202
10010122201211221221222211212212
22221122221212220210022221202202
21101022200211222212122211202222
02221222200101221221222200202202
32
13
22220022212101221200222202202222
21110222211111220211222221212202
00101122202010221212122202222202
20021222221201220201222211202212
21220222221111222201222220202212
20000022212001222220122200212222
12222122211002222211122221202212
10101222210111221222222200202202
11201122222022222222222202222202
10010122201211221221222211212212
22221122221212220210022221202202
21101022200211222212122211202222
02221222200101221221222200202202
32
13
22220022212101221200222202202222
21110222211111220211222221212202
00101122202010221212122202222202
20021222221201220201222211202212
21220222221111222201222220202212
20000022212001222220122200212222
12222122211002222211122221202212
10101222210111221222222200202202
11201122222022222222222202222202
10010122201211221221222211212212
22221122221212220210022221202202
21101022200211222212122211202222
02221222200101221221222200202202
32
13
22220022212101221200222202202222
21110222211111220211222221212202
00101122202010221212122202222202
20021222221201220201222211202212
21220222221111222201222220202212
20000022212001222220122200212222
12222122211002222211122221202212
10101222210111221222222200202202
11201122222022222222222202222202
10010122201211221221222211212212
22221122221212220210022221202202
21101022200211222212122211202222
02221222200101221221222200202202
32
13
22220022212101221200222202202222
21110222211111220211222221212202
00101122202010221212122202222202
20021222221201220201222211202212
21220222221111222201222220202212
20000022212001222220122200212222
12222122211002222211122221202212
10101222210111221222222200202202
11201122222022222222222202222202
10010122201211221221222211212212
22221122221212220210022221202202
21101022200211222212122211202222
02221222200101221221222200202202
32
13
22220022212101221200222202202222
21110222211111220211222221212202
00101122202010221212122202222202
20021222221201220201222211202212
21220222221111222201222220202212
20000022212001222220122200212222
12222122211002222211122221202212
10101222210111221222222200202202
11201122222022222222222202222202
10010122201211221221222211212212
22221122221212220210022221202202
21101022200211222212122211202222
02221222200101221221222200202202
32
13
22220022212101221200222202202222
21110222211111220211222221212202
00101122202010221212122202222202
20021222221201220201222211202212
21220222221111222201222220202212
20000022212001222220122200212222
12222122211002222211122221202212
10101222210111221222222200202202
11201122222022222222222202222202
10010122201211221221222211212212
22221122221212220210022221202202
21101022200211222212122211202222
02221222200101221221222200202202
32
13
22220022212101221200222202202222
21110222211111220211222221212202
00101122202010221212122202222202
20021222221201220201222211202212
21220222221111222201222220202212
20000022212001222220122200212222
12222122211002222211122221202212
10101222210111221222222200202202
11201122222022222222222202222202
10010122201211221221222211212212
22221122221212220210022221202202
21101022200211222212122211202222
02221222200101221221222200202202
32
13
22220022212101221200222202202222
21110222211111220211222221212202
00101122202010221212122202222202
20021222221201220201222211202212
21220222221111222201222220202212
20000022212001222220122200212222
12222122211002222211122221202212
10101222210111221222222200202202
11201122222022222222222202222202
10010122201211221221222211212212
22221122221212220210022221202202
21101022200211222212122211202222
02221222200101221221222200202202
32
13
22220022212101221200222202202222
21110222211111220211222221212202
00101122202010221212122202222202
20021222221201220201222211202212
21220222221111222201222220202212
20000022212001222220122200212222
12222122211002222211122221202212
10101222210111221222222200202202
11201122222022222222222202222202
10010122201211221221222211212212
22221122221212220210022221202202
21101022200211222212122211202222
02221222200101221221222200202202
32
13
22220022212101221200222202202222
21110222211111220211222221212202
00101122202010221212122202222202
20021222221201220201222211202212
21220222221111222201222220202212
20000022212001222220122200212222
12222122211002222211122221202212
10101222210111221222222200202202
11201122222022222222222202222202
10010122201211221221222211212212
22221122221212220210022221202202
21101022200211222212122211202222
02221222200101221221222200202202
32
13
22220022212101221200222202202222
21110222211111220211222221212202
00101122202010221212122202222202
20021222221201220201222211202212
21220222221111222201222220202212
20000022212001222220122200212222
12222122211002222211122221202212
10101222210111221222222200202202
11201122222022222222222202222202
10010122201211221221222211212212
22221122221212220210022221202202
21101022200211222212122211202222
02221222200101221221222200202202
32
13
22220022212101221200222202202222
21110222211111220211222221212202
00101122202010221212122202222202
20021222221201220201222211202212
21220222221111222201222220202212
20000022212001222220122200212222
12222122211002222211122221202212
10101222210111221222222200202202
11201122222022222222222202222202
10010122201211221221222211212212
22221122221212220210022221202202
21101022200211222212122211202222
02221222200101221221222200202202
32
13
22220022212101221200222202202222
21110222211111220211222221212202
00101122202010221212122202222202
20021222221201220201222211202212
21220222221111222201222220202212
20000022212001222220122200212222
12222122211002222211122221202212
10101222210111221222222200202202
11201122222022222222222202222202
10010122201211221221222211212212
22221122221212220210022221202202
21101022200211222212122211202222
02221222200101221221222200202202
32
13
22220022212101221200222202202222
21110222211111220211222221212202
00101122202010221212122202222202
20021222221201220201222211202212
21220222221111222201222220202212
20000022212001222220122200212222
12222122211002222211122221202212
10101222210111221222222200202202
11201122222022222222222202222202
10010122201211221221222211212212
22221122221212220210022221202202
21101022200211222212122211202222
02221222200101221221222200202202
32
13
22220022212101221200222202202222
21110222211111220211222221212202
00101122202010221212122202222202
20021222221201220201222211202212
21220222221111222201222220202212
20000022212001222220122200212222
12222122211002222211122221202212
10101222210111221222222200202202
11201122222022222222222202222202
10010122201211221221222211212212
22221122221212220210022221202202
21101022200211222212122211202222
02221222200101221221222200202202
32
13
22220022212101221200222202202222
21110222211111220211222221212202
00101122202010221212122202222202
20021222221201220201222211202212
21220222221111222201222220202212
20000022212001222220122200212222
12222122211002222211122221202212
10101222210111221222222200202202
11201122222022222222222202222202
10010122201211221221222211212212
22221122221212220210022221202202
21101022200211222212122211202222
02221222200101221221222200202202
32
13
22220022212101221200222202202222
21110222211111220211222221212202
00101122202010221212122202222202
20021222221201220201222211202212
21220222221111222201222220202212
20000022212001222220122200212222
12222122211002222211122221202212
10101222210111221222222200202202
11201122222022222222222202222202
10010122201211221221222211212212
22221122221212220210022221202202
21101022200211222212122211202222
02221222200101221221222200202202
32
13
22220022212101221200222202202222
21110222211111220211222221212202
00101122202010221212122202222202
20021222221201220201222211202212
21220222221111222201222220202212
20000022212001222220122200212222
12222122211002222211122221202212
10101222210111221222222200202202
11201122222022222222222202222202
10010122201211221221222211212212
22221122221212220210022221202202
21101022200211222212122211202222
02221222200101221221222200202202
32
13
22220022212101221200222202202222
21110222211111220211222221212202
00101122202010221212122202222202
20021222221201220201222211202212
21220222221111222201222220202212
20000022212001222220122200212222
12222122211002222211122221202212
10101222210111221222222200202202
11201122222022222222222202222202
10010122201211221221222211212212
22221122221212220210022221202202
21101022200211222212122211202222
02221222200101221221222200202202
32
8
22220022212101221200222202202222
22110222211111220211222221212202
22220222221111222201222220202212
12222122211002222211122221202212
12201122222022222222222202222202
22221122221212220210022221202202
22101022200211222212122211202222
02221222200101221221222200202202
32
3
12222122211002222211122221202212
12201122222022222222222202222202
22221122221212220210022221202202
32
3
12222122211002222211122221202212
12201122222022222222222202222202
22221122221212220210022221202202
0
0
32
2
22212201122221222122022111002122
22221210222222220122122111101022
0
0
32
3
22021022122122010222212220211022
22120222022222202122222021211222
22222022122122021122202120222022
0
0
32
2
01220212022222222022220121222222
01220210122222212222220121222222
0
0
32
2
22222022122122021222202122222022
00222122222121220202211022212002
0
0
32
2
22120022220220222222222220222122
22120022222201222022221210222122
0
0
32
2
22222202122022222102020222220222
22222212022222222122220222020122
0
0
32
2
10220222202020222222112220212220
00222222222020222222202220202222
0
0
32
3
22022222222222222111221221222122
22220022222022221121222221222222
22021122222022221201221220222222
0
0
32
2
22221222120010220022222222220222
02220222121221010022222221221222
0
0
32
2
12212202202221122202022022222222
02222222212222022212121222222221
0
0
32
4
22222222122112221022212222212210
20222222202012020012212002222202
20222222212022121002212212200212
20222222022102122222212012200211
0
0
32
3
22220202122222002022222202222222
22222220122222212202222201222212
12220222022222002002222222222222
0
0
32
4
12220222022202202222021020022021
02220222222220202222021020022020
22222221120211222222121020022120
02221220221221202222021220122022
0
0
32
2
22121102222222222222020121012022
20221012022222022222221220200122
0
0
32
2
20212220222122220202220222022220
22222210221022220222222222222212
0
0
32
4
22221010200222220022220220122122
22222211212222220002220220222122
22210221200222221110221220122022
22211010221222222220221220122022
0
0
32
2
21222200020222202222020221222222
21222210100222212222220221222222
0
0
32
6
02202202112120222222222112021222
02022222222120122222221122021222
10122222102121122222221112222222
01022212212122122222220002121222
11202222222022222222222002020222
22222212022222122222220022020222
0
0
32
2
12222222222022221022212222222100
12222122222022221012201222200022
0
0
32
2
22212212222222222202222221121022
12222200222222222110222221020002
0
0
32
3
22222222100212022020212222122012
22220222111222122122222202122202
22220222111202222122212222122202
0
0
32
4
22112221202220220121222222221220
02112122102221222220222222221221
02212112202221222120222222220221
12212020012221221020022222202221
0
0
32
4
20222222012222212022122112212020
22222221122222212022022202222121
20222212212222222122222102222220
21220212112222202222222212202022
0
0
32
3
22012222221201122222220222202222
22022202221221002222201222222222
22102202220200022222212222202221
0
0
32
4
02222121222220202110102022222212
22122120222222202101102022222222
02022221221221222000002020022212
02022012220220212000222222022202
0
0
32
3
12001222022222221210112222222022
12210222022022022201122222202022
12000022222222020202212222212122
0
0
32
4
02222221222222022021221122200212
22222220212212222222212002212202
22222200202222022122200002200202
02222210212212122221201222222202
0
0
32
11
22212210211002221221020222222221
22210211220012122220022221201221
22212011211102021220010221210220
22202020211012221222012220212222
22212010200022120221012222220221
22212200200222122221021221210220
22200202211002120222122222212222
22220100202022222221111220212220
22211100200112121220021220210222
22202122212002122220010221210222
22202010200102020221101222200220
32
11
22212210211002221221020222222221
22210211220012122220022221201221
22212011211102021220010221210220
22202020211012221222012220212222
22212010200022120221012222220221
22212200200222122221021221210220
22200202211002120222122222212222
22220100202022222221111220212220
22211100200112121220021220210222
22202122212002122220010221210222
22202010200102020221101222200220
32
11
22212210211002221221020222222221
22210211220012122220022221201221
22212011211102021220010221210220
22202020211012221222012220212222
22212010200022120221012222220221
22212200200222122221021221210220
22200202211002120222122222212222
22220100202022222221111220212220
22211100200112121220021220210222
22202122212002122220010221210222
22202010200102020221101222200220
32
11
22212210211002221221020222222221
22210211220012122220022221201221
22212011211102021220010221210220
22202020211012221222012220212222
22212010200022120221012222220221
22212200200222122221021221210220
22200202211002120222122222212222
22220100202022222221111220212220
22211100200112121220021220210222
22202122212002122220010221210222
22202010200102020221101222200220
32
11
22212210211002221221020222222221
22210211220012122220022221201221
22212011211102021220010221210220
22202020211012221222012220212222
22212010200022120221012222220221
22212200200222122221021221210220
22200202211002120222122222212222
22220100202022222221111220212220
22211100200112121220021220210222
22202122212002122220010221210222
22202010200102020221101222200220
32
11
22212210211002221221020222222221
22210211220012122220022221201221
22212011211102021220010221210220
22202020211012221222012220212222
22212010200022120221012222220221
22212200200222122221021221210220
22200202211002120222122222212222
22220100202022222221111220212220
22211100200112121220021220210222
22202122212002122220010221210222
22202010200102020221101222200220
32
11
22212210211002221221020222222221
22210211220012122220022221201221
22212011211102021220010221210220
22202020211012221222012220212222
22212010200022120221012222220221
22212200200222122221021221210220
22200202211002120222122222212222
22220100202022222221111220212220
22211100200112121220021220210222
22202122212002122220010221210222
22202010200102020221101222200220
32
11
22212210211002221221020222222221
22210211220012122220022221201221
22212011211102021220010221210220
22202020211012221222012220212222
22212010200022120221012222220221
22212200200222122221021221210220
22200202211002120222122222212222
22220100202022222221111220212220
22211100200112121220021220210222
22202122212002122220010221210222
22202010200102020221101222200220
32
11
22212210211002221221020222222221
22210211220012122220022221201221
22212011211102021220010221210220
22202020211012221222012220212222
22212010200022120221012222220221
22212200200222122221021221210220
22200202211002120222122222212222
22220100202022222221111220212220
22211100200112121220021220210222
22202122212002122220010221210222
22202010200102020221101222200220
32
11
22212210211002221221020222222221
22210211220012122220022221201221
22212011211102021220010221210220
22202020211012221222012220212222
22212010200022120221012222220221
22212200200222122221021221210220
22200202211002120222122222212222
22220100202022222221111220212220
22211100200112121220021220210222
22202122212002122220010221210222
22202010200102020221101222200220
32
6
22212210221002221221020222222221
22210211220012122220022221201221
22212011221102021220010221210220
22202020221012221222012220212222
22200202221002120222122222212222
22202122222002122220010221210222
0
0
32
2
20120222121220222222021222022222
20222220022222220022222022022020
0
0
32
2
02022122222122202222222222021221
02022021122122222220212221222120
0
0
32
3
22020212102121222222221220211202
02100222202021222222221221210022
22101202122121222222220221201022
0
0
32
4
21222022202202022020222212210022
21022122210012212222222101210121
20222022220202122120222212222222
22122022210012002022222111202220
0
0
32
7
21222211222220221122121022120222
20222220220222221212120222200122
21222221221222222102022112221222
21222212222220220212122002210122
20222212220220221202020002210122
21222211221221222012122012020222
20222211222221222222021002122222
32
1
21222221221222222102022112221222
32
3
20220112202120220122212202022211
22221222212121221022202212002202
22220212212120212222212202222202
0
0
32
3
20222010220100122120222122222212
22222002222221022011222122022222
21222222220201022111222022022202
0
0
32
3
21220201222222212222222022222020
11221222222222202222222002222102
10222222022222212222222002222002
0
0
32
2
22202212121222022222222222221201
20210222021221002222222221200220
0
0
32
2
12222222121212221220221122222002
12221222020212021000220122222122
0
0
32
3
22221120210121222200202202022222
22222220200021222222202212022222
21221122211021222212212122122222
0
0
32
2
02222222222212222222211222012020
02222222022202122222222122122021
0
0
32
3
22000222212022022002222222210101
22110222200122221012222222202010
02110222212022022222222222222210
0
0
32
2
02022022211222222220212122222220
02222222221202222221200022220220
0
0
32
3
22112221222222222212222212002201
22222200220122022222222212012212
22202211221022022202222212012210
0
0
32
4
20221222222222120220202202122222
00211222220222121200212212122020
22220222221222020222202212022021
22222222222222022222212202022122
32
2
22220222221222020222202212022021
22222222222222022222212202022122
32
2
22220222221222020222202212022021
22222222222222022222212202022122
0
0
32
9
22220012110222222212221122120221
22202212002222102210220222021220
22212002211222022201122222221201
22202102010222002201021122121210
22210112100222202222021122221211
22221222021222102222121022021221
22211122111222002221122222120210
22201002011222112220022022222211
22222102021222012201221122221222
32
9
22220012110222222212221122120221
22202212002222102210220222021220
22212002211222022201122222221201
22202102010222002201021122121210
22210112100222202222021122221211
22221222021222102222121022021221
22211122111222002221122222120210
22201002011222112220022022222211
22222102021222012201221122221222
32
9
22220012110222222212221122120221
22202212002222102210220222021220
22212002211222022201122222221201
22202102010222002201021122121210
22210112100222202222021122221211
22221222021222102222121022021221
22211122111222002221122222120210
22201002011222112220022022222211
22222102021222012201221122221222
32
9
22220012110222222212221122120221
22202212002222102210220222021220
22212002211222022201122222221201
22202102010222002201021122121210
22210112100222202222021122221211
22221222021222102222121022021221
22211122111222002221122222120210
22201002011222112220022022222211
22222102021222012201221122221222
32
9
22220012110222222212221122120221
22202212002222102210220222021220
22212002211222022201122222221201
22202102010222002201021122121210
22210112100222202222021122221211
22221222021222102222121022021221
22211122111222002221122222120210
22201002011222112220022022222211
22222102021222012201221122221222
32
9
22220012110222222212221122120221
22202212002222102210220222021220
22212002211222022201122222221201
22202102010222002201021122121210
22210112100222202222021122221211
22221222021222102222121022021221
22211122111222002221122222120210
22201002011222112220022022222211
22222102021222012201221122221222
32
9
22220012110222222212221122120221
22202212002222102210220222021220
22212002211222022201122222221201
22202102010222002201021122121210
22210112100222202222021122221211
22221222021222102222121022021221
22211122111222002221122222120210
22201002011222112220022022222211
22222102021222012201221122221222
32
9
22220012110222222212221122120221
22202212002222102210220222021220
22212002211222022201122222221201
22202102010222002201021122121210
22210112100222202222021122221211
22221222021222102222121022021221
22211122111222002221122222120210
22201002011222112220022022222211
22222102021222012201221122221222
32
6
22220012110222222212221122120221
22222002211222022201122222221201
22220112100222202222021122221211
22221222021222102222121022021221
22221122111222002221122222120210
22222102021222012201221122221222
0
0
32
2
02202222112202222102220222222122
12202202102222222012201222222120
0
0
32
4
12022222012202200121002222222122
22222222012112220101200022222222
12222222012112202202220222222222
12022222202112212010011122222022
0
0
32
3
20002012202122201002222212222222
20212102212122210012222220102222
21212222222122221112222211112222
0
0
32
5
22122222222210222100102222022102
22212222222221220111202222011002
22012222222110221211102222100022
22122222222111220212212222020112
22112222222201221111212222100112
0
0
32
2
21012012222022221021222121222002
22112112221022220121222222222202
0
0
