32
2000
22220021012101221200200002000222
22202210111102121221212000010001
00120001220011221010110122222002
00000122022212222101212202100002
00012002002002010120200021012102
11011110200001212122122221012122
20022222100112021010012222121011
10012000010200121001201210121102
10010121022101111211000110102100
01110111102111111022010011101111
00010121120112202100001102211101
00102011022221021001121121011101
01202112122100120220111020212002
12211120011102201100201211102100
12001202121120012121220002201200
21120210122102021010222021001210
02222121112020201110102022201112
21110120000000122010102122210010
00201212010101122211000002211022
02222220022120111201012111202220
12211220211120100200122022011201
12012210102010210001022022021000
21200102220110210202022222112222
02010000021121011102122021111112
11112200111200021010210200221010
00200202102112122120210012001001
02210122210010211021102200010001
00011200121020210222022002210021
01020102012000112112200000101222
00212212210211010112022022111111
20010112112001202010010102211000
11120022100212010121020122001112
00210012011212001212011011220021
12022120012200200121002221102121
12110021111020002012112002100012
22210120001022022210222211022202
22011121202120020000002110010120
00211111200212220020021222101122
11201021101021221221211220101000
22110000120101110102010221011111
02020022201012121122022010221022
12220120000111120221122101112011
21120100200021020010011002200120
01112122200122200100021000011012
12122121210200201101112120210200
12002222011011110222101001210022
12100101222111021022010120000012
10011021220110120121202000121212
22122010112220202221021000220121
11002211000010002020011121112121
00002110220101201212121100211222
22222102000020222012000102202021
02101122200112022010012111102121
10102121200002002110002221200211
00121111220010110020120200201101
12111001202120001002011001212202
12100122012220210001002112021010
00201101101011220011012002220120
12122020011110210021121111012001
11101100012121021210222010212020
01122220021011211110121022110220
10002010000201022211101201011112
12021121011122010201020012200122
12102200011222122110101021000002
00002000222111010222010022102120
12010110011000110110010011010010
00112110010122021101012200011212
01000200012002000022221022101120
00000111011111122112002021200100
21102012201010011102100122201012
02000012000001100022001001102002
00010212222211221020111222000001
11020112110020220102112022120211
01110002210220222220022220022121
00212011011220110221111111121012
21112202121001110101220222202021
10000102110122001100102002112100
21200221120212001012210212010100
02002021200202222121102220012012
00020011220220220211010021110121
12121000000020020200110000212101
11002100201112112210001110200012
22210200012211010012101201212101
02121120022200020221201111202001
21022022210120100022011221102121
20120120022000011012202020111001
00011222202010100221011222100011
02012002022201221202122112222100
21111012001121000002011201100202
02012100221102020010222010022112
10112212101021220122220001221120
22111010101120122201112202211020
21112110102011110201101101112021
21212100222101211002120112000222
02201211112000121212201121200211
20210222002202111111120100212121
22021012122122010202110220111010
01022020022210022111200102100211
10120020202202102012002120200121
10021120120122210110202112211200
21200211120020222101220020112112
01200221100112001020020012111110
21000022120220201202210011200100
21002000012222022112120200021121
10200020221221220011202000222211
21111011021010001221211222222002
22011222000210222202120120121221
20200200001101011100112121010022
02012020101220001110012020121001
01010011101011201012212120201020
11121012021221012202101111221101
21011220002210112101222001201011
22022222022200022111111201212120
10202200102101100021201021120121
22221012011122121010100222101120
12120021100102110122201120112120
21001210012211122121220200101111
02122000120011202020202201002210
20120102100020020020120200210120
20002000210121000112021201020000
11100112020011112001200121001002
21022220220110020201202110121201
00101020001202111121122021200221
10221121221022111120020201111122
12201001222121010221121210001020
20110202201221021210002110100210
22202002011201022122220120220002
02220221102202121112020002000000
02112001120122111202212012110211
22020002121022112201012211020012
21200101011011101020222011021200
12220201122011102101000211220211
20002101102011022100212020002122
21122111212120022221001102121100
21000212110121020201222221010022
20022010112102011102102122220122
10210022012002201020021020000011
10111012002012100101112120120021
10001221020222221210111020021012
02022210122111221020211222212010
01201102012201222000222112010122
22000112212021022002001202210101
00220012212220201202011010002010
20022221001001111102000200202012
11211111122211122010000002200022
21110202201021221201202001112112
00010102000010220100201100221112
20022222222010212021102110102002
11210200210010211120202110112110
11211020102012221200202110010121
01012201122021001111100001202210
12212200200121110202012101121100
10200220002121221022221210001110
10102101202212210210220101122002
01210020012012111001000022010100
02112120021210110120221102001111
11012220100101210220012010021112
20202102000020002212102200212222
21220010122222201021100201200110
00202221110200221100220012011122
01101010200202221101012102002220
11111010020111102120011222222221
11201122001212012210202121022011
10222122012210110022111111112020
02101111011012121122101000120112
00021110200102112010100112200021
02122221201012200102111200211222
00120210021121122221011122202202
22201120111101001010211102221201
22010210111202210112012001012002
10010022202201010210001002200221
10120022211200102220101201220112
20202201101100200211121100112022
12001122101202011102002110111011
22100200220111002101122010200110
01110220101012101110220000021222
01110010101202121000210022202210
12120222012110001111002022012221
10000101020211020111211112002021
00122102212022002121001011102120
21210002102202022010100212010002
22101202002111111010001002102202
22001102211122210211021021120200
11020212002002111022012020002111
22121002102221012210111021101010
20111210222102021220101000110020
00220020212100000111220211112120
21000000101220021120001122121101
10210020210120101111101210121212
20112111010212001220012111010211
00022210012210002212120002122110
21110211211111100211222021012101
21021110021200001200121111012021
20112221210221100122101221012112
20011000211122001202012221222122
10100212022020002002220210111100
22101012002201201001211110202112
00220010110220220112221102100021
02110222122122121200221221001012
02112111000101011100110021122020
10102020202022001010200012211222
21020100120121211112102002011200
12010012001011210102220210222202
11022020001220002122002211211011
21012020210101200201001210101220
10011020200020000111101022102020
12210020020002010022000001100112
11012122000121211200000001012111
00021201010020112212010111210101
10200010101000102001012120002001
10110201221001121101210011101111
12022002000111000201001120120001
20112210211002211201020022222021
01000100111111000022202002222120
20111120110200212202002120122000
01100101210001220021100102222220
11112200110120112000012001101112
02202200122100020001202221010111
20210122111121122112222200112201
11012000211100002001201012000021
10210122221121212211200000110100
12121121100002021221220001111110
21100021201022011201211021210020
20201211011202102210000022201210
00110001221112122022021101211021
21000112120001221200221001211120
10112201011002021101022001210202
01002022200001000120022002212200
20022222020200201121022212001111
21021220220002121120012200002212
10112010111212102102002111100101
12010111021201022120202111210001
01100002021102101001002201001201
11011112000202210021212212022020
10012110202021100202122222020202
00120022020210112110000200210011
10010011220121010200201011221100
21221001110010220010021212200212
00212000210120100211201020102200
10000010222201210210220202002021
12120020010121000100122220021212
20111011000010212221211121102222
20011001000112011021100121121002
10021111120011101120201022210011
11100020000120111122212112020112
10211121010211000022222122002220
01211202101002000112100120111021
00020111001022001120201220101111
12111001012000020102111021110001
20010101222010011001022201101021
00101111202010101112120202022202
01021211111020012011220011211010
01022200120121222102022012100201
22012120022001201102002221201121
00021202120211022100222211002020
12021100002011010012101202000211
22101202002221121010112200200122
12221022222111201010210020121200
10002001000122110202100000002101
21111121220101101100121021011120
01221210210211222120001022112112
20002122121212201212002001220000
20121120122222201101102012222222
21222200102002121110210101010001
20120101210001021100112120210121
11022122020210122210210110001011
12020222221102000212021220010120
00211110121200202101011021200200
20202110122102101221102011110221
22111020121121210102101020100120
20002210002022100110220202001220
02222002102021201001011011221110
00020102200122102012100222220101
10102121220120220122201021200222
00202121200202111101121101211121
21211201000002111102011100112012
20000120121120001102012101201021
20021212221201220201202011000212
01211011120110000110110220000200
10221012010022001210020001220202
00021112100001111021002011021111
12021022100210021111112020211110
11002101210112120112022002221020
20002012201102201001222012220200
01020010121100222212210012012110
00011012020110102022222020220101
10220011022120121110010000002011
10121001110122210122010112102001
12120211121220001202120011111112
02212102011012212201211000002120
10212002211100010020101011002220
01222002211022122102222102212120
11010010200120221222210012202110
10210111122202200122020112202210
21100012211010012222221102221101
01102001212100020002021011000011
21111211102210210221202121221102
20012201000210000010012022021121
10010100210020022210211202210100
22200200100012102221002121001101
12110211022121021012010001020201
11210110202120100121201022201010
12011120200202220201021222012222
22101121200220110220211211021210
00222121221110010000212122020221
11100022112220101111012111011202
22122100000200012220002122102111
00211021010112101012101002212102
12120111020111222212012102220202
02111001010120120010221021002120
12120210012021022202220220212220
21001112100021021121120020220101
11222021102020012200201210210001
12110102202211001101221010011002
02201220020111100222211111002002
02012002011200210210001021112110
22210220100211020202012200102002
22120102112020000021120202202022
11212002202110221211120221021022
21121011122200222101110021212112
12100121120221112200111102201122
21022211120200100111102222201210
01211120112211010102221221000111
02210122022210112112101122221111
00000000001102022220112012000220
00111222211002122011101002102010
10102120010111112021112200112220
01211211122212112001211022112000
22101010220111012201012210202212
22212120122020212202122001021211
21000002000202102201101121121001
21201022002121220002011010220010
10010012100102100200122201001211
12220112220202002121011022120001
00002221201202000211012210112222
01021020100200002220012222112111
02110011111121220122201002101021
01002211122210121212002100101111
00122111011221200021112101110110
10011100020202110002020110222120
20210011012010221011222200122102
20120211202100120211220002220022
00220210212110000211221211222201
00012222020201211121110000220010
11000001201021110121002022020211
11201021102220022010110001001122
02222111200110121020111201010011
21020100212221221101210000111000
21021101000022212222220012100222
12021102120120011220020212202101
10100102111111000201210210212220
10212201110000111200112021111000
02122110110102012121221212020020
01020201120111012002211111110110
12112100100010210000212111210221
20012120021202112102100021100000
21210120210011201220010022200202
00012121201021101100010202012101
12210020121000121222102100012221
22022000212020000201011222011000
21002012200110000122201212122212
12001220000011022210102221221112
12022202110220101012012002211210
21211012222201010111002102221121
22210220220001210101202022220210
22221101011221000122120210222002
20112220010101200002202201202122
22111120002122100020120002001110
10201212010012012221202012121000
00120010220111021010001201201000
02210122001221212121210002122220
21202200010020122201102111101121
01210211022201200222101210001221
01010200201020011100122022112000
01200020101012100201200102200200
10111102211002212201010102110211
10121100212011211102210112212110
22010020211101010122220120022102
00012221110200200102121000021010
22212002211220022101122220221201
22010102002210010121011111011020
00122012122220021220101022200201
00020221121102112021102101101222
20202121100102000111112012001001
12212111220020021201112002021100
22211020020201201120211012201000
20211110122210201200020022000112
20012210220100112021221222021120
20010220201210111022211212221211
21001012101001101122011102101012
22202101101210222212112101211000
00101202220002222100222002110221
00222021222022021001021120200211
01002002020020212022211001101012
02220211211101021011001020101101
02012022210221110101122100211200
20110211020010122200022001201201
02021102010222110200221010100111
11012101110012212212220101010101
11011022212112202222101012120122
12221210012110012211101220002200
10222110012212000221211121021000
11002210122211120110212222220201
10021120000011020201000000010002
20100101101000002010121202112111
00201011111212001012022110022100
10021112002100211021112000221100
20102200001111022010212221212221
00222020022010211100120100212220
22202011001101221002201101201200
21122202221120102201222101212101
21011211120002121211112210101111
02021100011111120000112221000121
12001102000111021221120012120102
11020121222121211222210102110221
00002222220112022022101122121012
01021021011102102001120021012102
02022202020212010201102102221101
00100222202022222211000000212000
01021210002201201122102102010011
20012121210001022212211002210100
11211120110200100220011111110222
02112120002010120101020101110102
12112112201110011102001220100122
22010112221022210212201212011000
00212111001020200120100201122200
00122200011220101010210200122020
01002102020101101211111120200211
11112201212221221010022002001120
10110020121211220001021112111112
00110122101220222202021222012222
00002200020102000200110121011201
20221202210111110222101021101121
22112002111200210202222201222222
10110212100200012102002112122121
11001102101201000100221120021011
21202201120112210010002020001120
22122100022122022110011211000110
00022101100001020210020111220210
01120112222210212100100222022102
01200000002112120121222202221022
22000101202000212002222021010002
20222011220000100101121111211011
21210010220021011020002102120212
10121221202202020021022000100200
01022001121122102211122200210221
22120202001000212021021101212202
12122222210110210112100220112210
12002012220122101220022221220012
11100222210101201202200020200002
02202001100102122222102002111111
00221212212021111112110111221112
20012112101022210211010212201021
12202111221221020211111001022111
12100021200101101221021200221102
10110021200222011120012011000221
21100122202222011011212010112112
00001000020021212221022100101021
02212200100220012220210012012000
00100222002202202122120021111222
20121022022211010212212101021210
12020111000000211100020100011222
01200121202211000011012120112100
00111010101001100210102111220020
01020102110111211122011100011122
22220010222002221121112221022212
21202111210202212020102120022012
21111200010220010122221120021100
11221022201112020212211121101110
01221221202200120112211120212010
11201122221202110112201210221120
01120010022022021201220210102010
22200100102022111221210012200012
01010021110111001200012211012022
12021002001121001022222000020022
20110200120011221200122202112102
12120211211121110122121110011120
21121201022021100102121002022011
12021102102001202201222220010101
01120011100122222211212212110101
01002121222212111001121022201011
02221201200222010012020222211111
00020100212212011201212221101212
01212011200012102222111011020111
21002121012211200201122002011202
10010201120000102201202012222021
12020001210212011110201111012020
22200002102020202012210021212120
12022011001211012002112011200202
21122010100011121012220010100200
00200012210001022212202001101212
21022221120220210110121200022201
10201202001211100001021002122120
22101101221101212202010111012012
21222012001121011111012201022020
10211112221112000121021011002110
11220012121022001022002200021212
00201100221212202220022000022100
22112221200120200101211222221220
01220100212221000220010210222100
00212021221212021202102201212010
12000010200020200021122202002010
01101201011022102201121212012220
10100220110010122101111221121000
01111112101210202020210101122220
02121002010122220000102121120121
10101102001012212221000011221100
22000101202121021001002201220022
00112111201121012111201020220101
11010110122111102222202211021010
21200010012120222220222220101011
00201011110110110122122101122112
10210120012111010212010020011110
11100210002200000220011122001211
00110020122120012221122022101012
10111120122122220001020201022020
11100111002210210000100120021000
02001221211021221000001020001111
02211101122012100110002000101011
22020102000202201021122221212221
10022120002102012211201210000001
21211122210210120202021212110202
12121111101202120011210002202001
02020001122121121001222221122202
21112220120211102011022201200000
22122111110002010001222001122222
21112201112210121110100220212111
00010120200101212021102001001121
20212011011100021020010221210200
00221012200211021222012021201021
11102122110020012110201220111001
10111122020021220100212100021200
22202102010000002101001122101210
21112211022000021122101020120222
11220001021002100022020022202001
22122210121022020021222222220012
22202010021202200220220220201122
12200111100121000010220222211202
20021200022010120020202200120222
20210120020122002012012210110110
11012220101102212001100122201200
00220222010012110020001201020101
22102020211010221222012000012002
02200010101000201202120201101101
00010112100220200222021102221011
01012111211121202120111211221122
02102202220200202200100012011212
20020012021121211012120021110010
00210001000210001012010201222120
10121012122020121011111011210221
21122220210022212122022201100021
20111021201001100221111102000220
00211202020012121000210210120020
20010100011210201212122000002012
01002211001111201121121101222020
00102010112002111022221110001121
11011210011012020020202110202120
22220100012110220101200012102212
20122202102001010022121200022120
22221020010100012010101121121020
22010022200111000211000011222010
02202120111001100021001022022122
12210020101222110001101122011010
21011210021012220012001001220000
20120221212202210100211210211020
11211001101020122201211121002200
00001022002001022111002222221120
12101022000021111201021021222001
01121221002211122122211121102120
22211201210222112121200022121002
20010222011201122110220121102122
21000121220012110212222110012212
12221201210111001202020110011200
00010001212120210200222101211001
10111102000212112221102212122220
20012002111010212001011200102112
11100221112022122210002211210111
02202221121120010211210120221012
11000122000211100011120100121220
10111012222101121010012021021022
01120222221001002100000011221212
00200100102212001102222102122022
12101210200010201021220022012022
20002110010110111120021012122112
21020120102011102101102021000122
00210221021210012020111101210101
20022010020100102120002101211010
02012210102001022210101201112220
10112121121200020101221210012011
00022210102100211201101000100121
20112012110100012202222222200212
01021210100100112101101002101001
21121121120211011112001020211001
22011020102011122000111011021011
02010212222201202211102212001121
12112010200022120001012202220221
20021101202200101001121212221121
22102112121121021110002221110122
10012200100211102002022021220222
10000012122201201220020200200221
20102000200010001002212121221011
00221012022221011002221220200122
22112200200220112001021201210200
20110220010211002200112200210212
01110221020211011011211010221111
21001211220111002212020012221201
02111001200100122010020121010200
11202212020002100011020001101212
20010012200021012120220212002101
01011100111220022021021022021201
01020000222220111202122111120111
02010010010222201021202021000211
12000111011201001010111020012202
10022112222010000112002011110210
01222121021220001202000212102202
00021212002200222020122200222220
00010110210011011012222202210010
02211120001111001202102000100221
22010220002202022022122100200120
02210121011011012000021101220100
12220100011100021101202212220202
20102010111012021110110000200000
12102201102222211010201211012120
00101222220010112121211002201211
20210120020002221210120220200122
12201100111110100201211221022022
22220002211020020222102010020021
02010112220222221122020220121101
11122212201121100120100002022210
02002201220212220202210000022211
22212202102022002100201002111221
21011010111111212212210101001010
10221100001112221222020110121002
00212122121011021021021202110011
12101000210101222112221021221110
12020121012002021210210120210121
10221201012000012022112111020212
21100221012010011212010021200122
21000021120100010202010022102101
01201101100210121222120101020001
21112221021210022211020020001111
20000221001111111021102012001211
21102120201120200201022102221102
00202101210120010001000100002222
01021110120000111222001012002022
00212110111120100000120212212010
01100111000011110211122121202001
22121111122212011211202022020000
02010212101002222002102020021102
11120222112112100201200110202021
11122010222111221111210100121110
22010220202121100010201200221001
21001011010212012211201100021112
22010001101202220120201020101202
21122110211200111021110111211000
21012011120202120012110022200212
02002021000121101001212121020121
10210122101122222002222112011000
12120222000200111201222012201210
22202022012121211220011121202001
10200202100110020010200112201222
12011100112012000101110110100101
00102211101000021201002211020011
22122201222121011101122012021100
22021002001011022021012210202212
21120110221111112000202212212201
01000220211122221000122000222210
10210120001012200202012021221100
22101212002202201021221201121120
22111221111100221211110022212222
11101020201221211200010010200222
01222121021202022102002112221212
01121112111102122222021221210100
00112200121100100001111000102010
00220122111200202020101120210221
20002000011121112221001220202222
20212002220202122120200212022222
22120212121201020200010100002202
02201120222212212012111212010020
21110112012220010212102002210110
20112010210120000222222121201210
22210120022202012202100121200020
02210211201211101201022002110111
10020012120222002112020010101210
12012121120012210020021202222121
10112001012202101011021121122111
22012000110202212210122111110200
20120000202222221001212120022022
12220022121001022100221201212201
20020111102100120122212202022211
20011202212220022201121222211122
10102100020020021000122020202100
01120121111012000211110112001011
22202210001002012111110201121011
00122000111211011102012021112200
01022000212111000021222210112110
01002111120001012022221120202000
21111002212020220220112222211020
20002101200200202211011211101111
01220200010010112102220102210110
00211121020222110211110100021122
00011201211122002210121222211101
22012112021202121202222221111021
20022110110202222022222212102001
10112120200220211110120011100122
20111101111110222200121210022220
01102210001201200011001211210111
20220021011220211101221001222112
00211222012022112212220000202102
20112212000002222012022100201012
02021110220220011101110212000120
12201110110000012102211112210202
02012121022002202022211111121121
10001222221211201011120211222220
22211110000010100212210120120012
00212121101210220010022001002102
22121102121201210210110121212002
02220022020002212011200210121222
01102110011110021201211220200110
12211012121002211012202211110221
11211000021122122212012120200221
02021201200222121001102112112000
01120200012200021112111010111112
00110020121012020222002210002201
02000022012100010001221101201022
00000220002110211021200002212102
11001010012122000201101121000222
11221102000201001010012120102100
22011101111222210211120121220021
00221010200201100022220210100112
20111001001110220211200110101221
11021110121121011021100002002011
12110010101021212200102122200112
10001200011001211222211021000222
01220201111221010010221121121212
00110102122010211121102022011201
10022020122222120200001022210001
01011012012012221001021121222000
12100111002122202200221211112010
01100210110100022012221110211211
11210122001101201001020200022001
20002000111200011102012020220110
11102111011012210000221122110021
20022212020010111121120111022012
02102002022000112220102022020111
10201002202001201010011221221012
20001001001221012122110002211210
21012200220210102100210011220020
21221000200102120210122011220002
20200202211000110222122002212022
01211121202010202121122012120022
22011201121002021020210211220112
12100121211200020221120010012211
12112002221201201110121002101022
21222212212222021200220211021222
11112111201202101201212022020111
00221011101020001100221222120201
10001220201112020102022011001112
22102011101222021122022212221101
11202121111211122210120210202021
12211120112221001212122102100212
10122001202022002201202221020201
01122210000201020002002002102102
02202102212202210111110111010101
00102001211001122011211222000110
01121011121210201101210001011221
12002211001101022112012100210101
01102022011202100020021001211202
12102020220222000010011101211212
12002010020021102202121200020211
12221101001010011112022121020012
21200201222202112002212022022020
12021102102110200001122022122001
01122210012121200011200211012010
22002210212102102121202122020200
11011120011101120120212110122221
00010220111101212122011222121202
21120102022101200200010021200001
22001001022000112211121102120202
21002020021101210122010210110210
02100111110220021000202011021101
11020212012210011010112020001020
20000100210221102020111012100011
11112020102010010001112020221000
00221220021222100122121020021221
02112122102121222200211212121221
20022210022212001020110002021211
21021001201022122121001011101221
22102222012111012020101020002201
01221202120211021020110011211221
12212211211102012220102221111200
22122200101122022000021110222212
02100201021012012020111221012102
12010211121111210212111002220120
10110001222122202220101110111020
12212012110111110011102201200112
01110001112001101020001210022121
01201020221000121111220020122000
10100201121000211000022220001110
22001111201011200220121201210012
02101010200122120111021110011120
11001210001201000102010201120020
10012220220000111102122110022121
10220220121200122021210102020001
01011102112220101110022010011202
02120121011020012220121021211001
01010222112220020020210210021122
02020212101111120122200010102020
02202102120022221021020211011221
22020112002200210221101011201100
10212212210222122112222102221220
00222122001012000220202021011012
11202100011112102202220211122221
11221001122121120110220001100020
01211021012220212111010221012222
12002012110222111212112102022220
10111010110121101200122120120112
22100212221102222021200011210000
12012112101220120201202001110011
22021210022011010100020120200010
02011121212010212122100000010221
22111001001102011202121122112021
00011102220120201202111202002200
11202020001010122122021211021122
02000001012210210011221112000110
11102110112220120222201120211010
20020201020102002200021020111122
10120102220221112112110022211210
00002002002220220011120222102212
21122121020002201100012010110210
10220200201210122200011110020202
20120102210122021202010212201221
01200212211202222210120112120020
21121220010122012120101022020002
12122200012210202201202220000021
02001112002102111020010210022102
12021122211000221201111120012220
22001201222002012000222000120002
10201110010001200012012122120211
02110011202212012220022112021012
00111020021012112110121212200220
01112120001120022120111201210210
10201222201211110022101222122210
00222112222201111001121110100212
01120022012220022111102010100221
10111110012020022200020100112002
22010111110111001011022122000122
02212010221102212120101201200211
20020200122112000012001021101011
02111220122010120012102021111022
01100100101200221012110101222201
02121222002101022121120120122200
11222122210122121012121121010210
12201221110101121022200112001202
10000022121200020220001002011010
12122012202002212210100120001202
22222012122122021122102110222022
02100002021222121121112212210201
22120121220110101111021211111001
02011120000102200222102220210221
21212222001100112001221201111011
10000221012121222112022110121201
21201012111000001210201012222110
21011012221012101200200100102010
12202112102221110111222101212011
20022121121112222101112121022122
02221112101220212010112200201122
11021122102212102202101200222020
22101011100201022121101121111121
01212021101102221110020202100111
01002111100200122022222110120000
21112011011120021121120102002212
02102220102120101120001122101001
02202211010212000010122111200220
00200010120211022101100010121101
12110002012220222001012220202011
00000000121100110221120122110000
01111101210021120112010021022110
22222211012222200002210210202112
00220010120110221010221000122002
12010222101001012121100211202211
01211200220011210202111221121202
10000210220100212010101120120211
20200102111212120020112111010201
00101212121020201200222012002110
12102201202102202201020220221021
11210020020112110221100110111022
22112120220002212201000211002000
22201111211211111121221111222222
21010122112020112012121220112112
21101120000001212000011212111221
21210010010100201212102021012211
00200111000012100001000120210120
22200121201102200201002212010020
02211220212011221212011212010201
22212221022201201122001101022002
00020011021202221111202122011001
11220100022122100211012022100021
22021102201102210101121021002201
00110212001101110102122100002020
11111111201212220212112012022020
22200102112101100010101022011210
11111210011101221020111001222200
12021102021100022010102201220022
22111212220000120212002012222022
20111211211200000201201122112012
22101011201212111201200221122211
10201021101200222212011000222211
20221200020100101201122211101102
20120221100111021002022122000120
21220212021111102101200220002112
21201101020221021201210221022110
01122101121012001111021111012210
00211001011012022012020201211120
22112221022212210112121210002201
12211200220000212101120001121110
21211011021001220202202020200200
00121101022022001021202211010121
21102220021012000022012110111011
20221101111211112012012120001222
02111200110201100001222100200221
21002000221200210122021200210222
10110222112010121212101101011211
22202201001111020221011101022102
20020100220001002022200201221011
12011010021111202221011001012021
20211122111200000221102200120210
20211210020100211200220002012101
12111222200010122202010100000001
01011010111221010120202110111111
21002110201221122112110022100011
21122102222102100220100002100210
11210022210012022121100101212211
11012002212101102001100120112201
11212011112000101110220201000120
01222111212101110020002010120021
22120011212220201110200012210000
02210122020002101200010210111222
22121102000002112120002102001001
01112112220212111021020212012022
11100000211200001212202122222121
10112222101220202202001221201112
21110012222121201201221010021221
00220110202101212112122210220211
22010212022002021120122210022200
11101002220101010011122202101101
02120120201022220111101202202010
00002012120020212000222222022101
21101020100100221000001021001010
12101102210211222212022210220012
12021120222112102222202001020212
10101102110002011101102220202221
21202121001122220102102002101101
22121211021020001220201121212220
01211112220101020201010002102100
10102002211021012002200022022121
12112200020100021000101001120102
00012211110220011012110121101201
21220112012220100101210111222001
21102200000002011100002102020102
02012120120222001111110211110011
02220121211212120222022110121211
21120112022111110002000222102021
21020101102211111000022212010002
21220200210122020120121112010012
21211112220111121002020211112012
20011210210111120221110222121220
20221001002101110002102210100101
00010020222210121100122012010220
22201120220001022021102220100110
11100102000111000101200101120020
21002201210221020002011212121020
01000010122110121222202000211011
12210122121000010212200110201222
12102020012022000222101211020122
01022010201202200211021200211222
02000110202012112220212112021220
02101011011100200210101202002210
22112022112021022100220120120020
20121120110011002112010002202212
00110121002112211010020001100201
11110021120220211021022011120102
02020012212211102010011202201000
01012112202100201002202002122200
10112211100222201021122111021122
21111002001211122101122001212210
00120201122210101120121100100201
02111122022200002001222011011101
12200011201112110120220011220021
21002122200102201200211111111012
01220122001021211211212020212012
21120100112101211120221211202022
10101101002212011121111200202220
02121000002022111000220201020001
22222220110011202012022000021102
10110021102220020210211022212100
11222211220222221211102102021121
02122002212210112021120100122112
10201201210011112221202210012100
10220002111000100110210020212001
10210020210022101201101021212200
22210212010011121102200122010222
12022220121202011011110012211210
20022201022122010202110001210020
10220100002020212201111200212220
20021212202212012100011120022202
21100022102220111202021021020111
20201002000012201002221201112222
10020121201001112221102210121122
10221201022011000020012201210202
20012022011101221122121112021020
12100101010102121012001221112110
10111200101222120021011102201210
22222021110211121000111010002110
22020211110211100102022210002212
11221002021200210010200011210112
00212020212021222100211121011111
01002201202222200200121122201222
12000120112111220222220221211122
22001200121201011001010201212102
10220202121212020110001010212010
20120212212002102022000110112221
20000010101200101001111220112002
21122200022120211212102200022221
10100200200120100212202220212120
00002121201200212012202111200111
22001021010112201120121211122012
21201211010220011110000212212001
01211111111020102010122012101212
01011212202111002110110211001220
20200020221001120201001221202211
01111111002121000021112001102012
10001221222200011022120221211002
11120012202010120122122012101212
02212112202111222120221110120201
10211100200112111020021220210222
20012221220122010221111220121020
10200222200000111000210111220111
20220220000122210210122201001100
12122002110110210121121111000011
02120212121220202120100121121022
01111210200010112021200212200220
00221101111210111121100002002110
21012101221102011020121202000200
12110101122210101010020110222001
01011120022201021102102001002020
20212120122201120122220211102111
10112011111121112100012121212101
11210001010221000101200220012100
00211221211120212222102010202210
02222211001100201102222102102110
00020221202111220011012212211022
10122112101021002220102022211100
22211120210101021200201200020122
10221101210000011121202220222110
11002020220011100212212121112122
20001202212002101101200112010211
01100120011010121110222020000121
00112112101202012111110021100020
12000111122212111102210202000022
22220120012001110212110110221111
01200111021110010112010202221111
00012102011221002200002111122011
02201202111120222220002111021202
12200202120000022200201210200020
02102220201011201011001210221201
11201100220001222010100010022002
20200102021110101010020100001120
20021222201012000010211002122202
21110100020222002112010101100220
01120021010001120021120202021020
22200211021010010202221112010010
00000211212010020110101002110011
02211220022200212111101200110201
12201011011010101110200112222211
12110000121020211122000120220111
00001100022201122012222121122021
12101001222200012101100110220211
20110021021201001120221121000120
21202222211001010212211002111021
21010210100220100100211212100120
02120021101110101201021011112021
12012001102001020102022200111120
00200022010110022110012220012022
02012000201012000201101122012020
20210022210101210002121112222101
20021221102112020202220010010102
21201220222111120122100012221210
11200110102121020122110000210212
10022101202221222021102112222111
22120100200110210221010122110020
20000112222121200121121022211210
00202111000022121120100101210101
20011121202122121022100020220010
01210212010000210210220212120021
21122202012212001201010102112012
02021122221110102212021122021221
10101121020221020020211212221210
00021101001022202201101001201101
11102210000000120211012021000122
01201001112111111002122111210211
10121220020111122121200010022102
02121121120221010200200111111101
12120012122000212210001120012102
01120121012111021222012010121210
10011222221012001202120021021120
02111210202122110002210001220120
12202121110112220120201210012021
02120022200202110221201011212122
10022211021021100012100222011220
12002122110102200122221110102020
02100102000001122012001202110010
21100110021102020120010002112122
02101201120210210220101101000100
11021110022200010021020102201202
11102000012210011101011000122211
11112211010121002120001100102220
10211001201122101201222000101112
21102222210000012102100212021200
02112112020020020021001021001022
11010210220200202200210011122021
11210122112112211221101211221211
01000011102022212121121101120201
11222000110100212022000122022211
01021200001122210200111101100221
12101102022212010221002201012210
20120210200111111122022122222101
02001211021102221221012010201211
20222000210110001011221021001201
22021110111012100112002220011001
10122200101022100000112011201220
01001102120121202011212022222120
20002101102020121210201200102212
02220002100112121221221022121012
22120221100221220200111220210112
10221212021001212021211120022221
22000201201222112111221212201221
20000022012001222120100200012222
02211201112220021200010020211212
01111200002012102210110000210110
22110121200101211010201200102010
02202002001120211110200211122220
02122112201111022202012001200200
11011210000221120222012222202210
11221112212120101021221220210102
10202102020001112101221102110112
21020111122220112211220012201000
21200021011222112202010202010122
22100011200100200001201222101102
11211200212012120110102102211200
11100212100001012211210212202000
12012220121211110201210010212210
22020222211010010122211020210100
11021010222102011110222201220002
10120200201002211000120212112101
12102012010210021002010211010212
22022021200000012122221100010122
10121000000111012022200011010012
10101202021102102022100020221120
21010000220021111112120120121120
12210100011002211112001000222210
10201010220220102200011021121220
22022122101112210010202200112022
11210210221221002201020002221102
00010120202120110211211220002121
12022201000012211021012220222100
11110101102201100110012222211000
21202211102101100110011000121121
22220011210220022112022002210201
22020212112120112222210202222202
21102010112221110020220022022021
00200112212121101011220210212100
20021101022211101222122112001001
21102110220011112200222022111220
01110120121221010020101100210220
11220101210202100011100200111120
02201220120211022211020212020021
02222101201010002011020121102020
01221210220122100120022010102112
20000102120220021222220001222022
22121201201212121221122211210202
22210202012101220110102202112202
22022120212001010112021020120212
20221122100221100120021020202102
12112200010221012122010012212210
20120200101111012010122221111001
22002021000021201000000122020100
11112001001010001200012010222000
11222200210221211121012122010122
01121120010001212222101122021021
10220100212021121212201121101100
22020211101121000212221120211201
20120211212122222121001010220012
10222200012202210122202012122221
00112112202101210202111012012000
01220021110200210221002200120221
11122102012211122010102111121112
10012101010222110122221120101012
11112220000122000200012211001202
02112010111121122200000211021101
11000211100000102200010121202001
10220112210212222000101021121111
21002121101001201000121120102221
10112101002112110212221202020011
00202122111222002002212010010102
00021222200101201022120020210000
00002001100100210202200220020101
10221012121120100222002000012001
12020222201112212010011121221012
12212101201021121000212022201102
10012211201211011022212211121210
02122011001011212112001122202010
00021112000212001201220022121001
11220010020011101221211100221222
01111120121112101111201010000222
11000202010221210000111022022210
22020120000002200212002020210222
12011020120212221122222200012210
02210112221011011010011011212210
11121020011212020200112012111211
20001101221112022200101002210122
01010100022020222002120211012112
01202211201110011100122201222100
02102212020102001102002122021122
11010201220121110211012210122121
22012102121000212020210022021211
12010012020120221120011011021111
11200100002012202010101022210120
02010001101121112201211001120120
00010022010002002012102211222120
10120121012100100202001221122201
22111121020021122222210101200201
21200100112100202201001101010020
22111210002111210112101211122022
11021202101022220021012100101002
21200002100022020011212011001101
20010002112111112121221100201212
01020111011202120110202001001022
10121222102121100212001111202222
20121012012120200001010210212000
02222101022201012120002212112111
01111121121212001002102001212201
01211202221022100222220002101220
12222021212111210110210210002201
12100120021101000210102210212002
12011021210101210111101011120211
21012210211210112211021210212022
20120222112210120002222101021001
11021022102101021011002020102110
20000100101222110021102010002011
12220121111110221012100221112010
21002022011121011200011212102222
10210000110001121001121212112001
01212100202010001110000102000121
01022100220101222002211011011001
21102202210202221220210001221001
12112201112201122121022111002121
20010102221112002120111012010222
10212001020112011212220022102000
12100220112112022221201220011000
12112101020121121110200120012011
00201222211200211120202100222100
11111012221201010121122110201201
11202020012111012020002111102210
11122120021201102211212122112002
21120121010201211121222221222211
00111122201101210200122202101000
11120210211220102102121020011122
02211110211212221222002201122110
01122122211112121001101220122200
12211210122211012121220222222221
22201000011022110120002002222211
20211010120112120101201202002112
01010212022210021011100121220220
00112120011021201120110122121120
12211121202122010212111120001110
11122110212100211212020202121222
00110212012122001122112100010201
02211120111011100001222210122200
11002200121212211220021122022001
20222001201121012222211101102202
22200012002102220222002220022010
01102200121102101000122012211211
12210222010002002001122222001021
01201201102202200011201000120110
21211202120120211101221020002212
10221200002001120210221201201102
22212210001100110222202021110100
12222122211002102111102221000112
20212121102101200012111122121020
11101120211210222210011000010121
22210110100221210111202102011002
22020002011221000212201202122112
02222011210122122022002101022221
02020112221220110111012001100110
11111211220220222010212021102021
00010221110222211100222200200121
21210022121002210220112222112122
22020201022011121020021222021111
10112122210001020001020022200111
10222221100120200211221120120111
21110112211120200002011201202021
21000222120122011001102111200222
00000002201011102211210010012210
12110112020111201120001112010121
12010111222012221211020110011102
00112101102202012122122220211011
10111100120100222200220120121012
02100100111122111121100101011010
22110212121122111002001202122100
01121020001012121122211001002100
02022022112011000020121201001101
11002000101022002012022022101122
00000011110100201021212110120020
02111112211020010101202212210202
21000212020111020000112000212202
22122200202022022102200002200002
02201011100121122222220022021122
02220112120102201101212210202100
00002220110202221110212112210222
22012000110210221010210112222212
22210222121201222012011211101120
01211202221001012100212002110100
00102222120011112120021010012020
01000000000221022000010110111021
02200010010121121102212220111001
12012101102021112112001101201222
02202220021000220020111221022022
01020002202002002021212200220221
02122210010001202201001101120001
11001201110200122110202211122220
20110012112220222121221121210120
10220020210211102111201110021200
02020220002210020212221101120100
20000211101021200102011222102111
22202011222201210022101112101021
01200110112212212101112211001022
01001212112001100212112021001102
21012110211002112211011020221211
20011122002121021100020022000202
20111012001022221021002012112211
22012110000221101122210012211020
01222102100112211100100000110120
22000002101111220021202201110020
02110012120210121110212021100020
00000102111001022122222022022200
10112211212222111111121012012120
11211100200102010220110011110111
00012101100111021020000121222112
20221211022210221101200210221121
22101020022102121111211120112101
01001212200002221101020001100222
12202002110220212100011120210102
12000102100022210212000112220212
22121122020202000020002221111000
01011102011002202221210010200020
00221012100220000210221120112022
12122222211212210122100122210202
22212211101201202121201120200020
22012100220212211201020021111112
11110020002102222012210022221110
00210110211002200021222221212010
01220120020022000010110122000211
12020121012211022201010110210122
01222200000220200212120220001002
22122222021011010202101212001121
01120001121212020222011220201211
00211020222010122020112012121121
12002202101112012221120012100010
01002120111002202100102000111011
02220220110212002011111212020211
21000202112210011200022221201011
21202010210211100201100122210022
02021100212121100212010212111212
22200210212201011212220021211001
22110022012000020112110102011101
12010210212212121010202202211210
21102011200102100002000120012120
10101211010111121222200000200101
21121002201110112000010020121211
10000100112121202000112021110222
10012121122012112211112021111102
22210221200121201110011020122011
21021121122112101012200202102011
00211220122221102211211200212202
00112120011002002101011202121112
20021012122020010000010001221111
12002122010010112102102102211020
12012210111220220211010102221220
00220121201220120012120200220220
21220200020200221011011021200200
11020100111210112220201221001112
21100212102010111121000221200120
02111212111022102022111002110021
00020221001210111002210212020210
22011122120021122212101020202220
10101101101211120022010110222221
01210222121212222121000210110000
20200201222011211202011220021121
12211001222110022110202110121110
11101221112110022002001200222120
00000012220102102120112221110022
22220120112201220202122011201120
22000110202222212010202111101110
00021101220020110220222102210122
12201212222200100112011110010011
01020121110122021221112221121021
22100012222120002121220112121110
00111021012021012001010212120001
02020210101122220111020111202210
12022101022010021111120112100022
00220211211011021212220021200100
22022201122211201100110212211211
22012200212122201000112212021212
20122222120022010112212101120010
01200221202100011111000112100011
12121110202212102020102001101011
21102122121101121120121202000222
10111001202211200012202000010202
01022212212122120222220001101202
21210110221122222222100112212002
20021001210202101010112110210002
00221211110112001122220020200221
12022120120001012011000000110121
21120011111120021111110021200112
00222010212210101221201220022201
22010220022221011001021201121211
12022020220210111102121110000022
22020001001210102220201012122020
12222200021222211110222101020001
00112011200200122012011122220211
21201210220020121012101120222122
21001222102101111012022221022222
12001220022010020101020000000022
00222100002212220001202022022020
11010122221010220200020021102010
21220212112212202212221212202012
21001202020022110200112212010210
11001002002210020222100121011120
01022120020102112011022102021202
01200110022220011200102002222111
21222001000001201000120121012202
02000011121211222000012020022010
01002021211102122221011011010120
00100121202021200221011211010021
11212120021001110022211000200121
21101011021110221221001011222210
02121001201210101021110002001212
22212000112001112000201202122221
22020022010101222012221220210202
11121222100210111000022002211000
12001201200212120201122201012100
21010021101002211000021012001011
11220012022112202012020111201010
01001222211211202122002022010011
10100122212002120122010210120002
02000112200202220210010222212201
12220012120212101000210200010100
02211212112111101211111222100102
22101201122101200012220221001021
01121211212121102001001221212020
21000120022200001001110210010022
10102012002110020000112012002222
01220021010120100110010200211001
10120101110011000200000220001120
20002010220212212020020001112022
20221101001201001012010122021020
01020011120201011211120121101012
22122200200021201022001212020222
11201210001210011012002102112210
01120002022000120010002101000102
22211002002101012020111012021110
10121201020022022221121012221210
00120111122012212011221121200021
00011222221121111201210212010200
21011021000022221000210011210201
11201122222022202222222002020102
22002002222221022011022122021020
12212200210221212100102001101100
12122002112021020102210021100121
20020021120200221011122010112001
21100002201112022211212021200012
21021001020110210122120010011010
12100120020000111202111022202121
10212122120202021220112111210102
20011020020111100122010122002121
20001222200112221111220021120212
02012011020220102020001012022120
01101112002001001202012222021222
02200121111221011102002000020222
21220212021012201002000100110010
20002220221110200221020102020102
10210011222122102022102202101100
01211120121112010212012010102112
00112121000000210110001210000100
01220112010022221112121002011111
10120010111112211102100221011220
01201111010002111210222020102202
00102020121202012012210112211200
12100011221222122022121011111212
12022212202101101001011200122021
20120022111100120202212210110110
10010212200210222011001200212021
02010202012122020010000210110121
01001101200221221112222120201010
11122212212201220020011221221120
20020102022122100001220111012210
10212020012211021000011120202201
20111121221101022122221022021021
00011001010201122220120110101012
11102201200222021220122001022222
21020002110110000112110201201100
00011110012210001200100122212212
12101002202202202201212202002210
22012110102001000110222010110220
12222021121102010112020222101110
10000022212222020002212200011121
00100111100022000022121202102112
20000111102020121120110212000120
20122210002210202111020220202211
00120011201011100011020000020221
21101220001220001221011012102022
21001222102010120110201120121120
00021012112012020102121120102102
22202201011002000002012220122222
12021102202220011111001010010111
12120221001002210101100100201002
01211002010110001111220012101111
11021022201102100120021112222020
12011001112201022222112001102011
00220002212022222221011100201122
12202122220222111122110220002001
20101001000202020211222102200010
10001012111110010112100201211012
00201120011112001122211021212210
20102102000200010020211101000112
20111202212210110100211202210202
21102101202201122121022112221020
01220011001112112112001201220000
12022100210121012110211220200002
00212012011212111020101210201122
22021211211000120100120100121111
21102121211012211110022101121200
22111100210011222210112101111221
21202201122001000212101120210220
00120212210220011202020000210110
20001100211221001122200212111012
21000010221121211210110211112001
00111120111121012210212001202010
11122101200011110012211001102200
12011101111120200101022100220212
21110102010220112122111111220010
20222210120001120102221101111020
01011222201020102102121102222201
10000201221202121222201002212220
00110220211212222201012101221201
22022002212012002022210000012112
02200022110011100210020200101202
22202202112021100202011012010100
10010001201221001001212221002001
11012121220201022112201211222000
11100210202210101012221112002221
01101110112222100222121012211100
00021022102000200112120022211012
02110012010012201020001201111002
12110001110012002012102111002200
12022111011200200001120012121102
10002110012112110210220111121102
20121022200002001200112000022022
01221221222210122211102022221222
01000221221102222011101011220112
01221200112121112201121202111202
20102211100001222001200001211110
10112201101101001211212001122102
12112101222200222012212202200002
21122112102222010120020122200001
11121022112012002210211221222201
20100001220200020122212122102221
20101201200011222112010012000200
01112202012101020221111200112120
01221211212020202012112210102110
01011021111122222110212121222120
02122012201120112011122200111112
10221112220222120012021222011200
00202022221202101101020221112212
20221110202202020021021022111011
02121220020220102012120121012100
01221200220201020102200200122100
00020120002122102121200212201011
11221222010012011000000110221122
01110111021221012010102012020220
11010101120111212021112212212200
10212200001220012000220120012110
10011011210111112202100111202111
11002212020212211200011100201001
20120111122221110121102121211021
22120221012001110022210100222011
22100020220212010012121221211101
02110220100202112202121200102210
11220201212210101122121220200102
20102200020102211020200210211002
10012010022111001200110212211012
01022220221110102021102021101000
11011121012211021200221200100211
11022010112000210220001102112001
21011012120120111011222022222001
20100200211022101211221111011000
21101202102001210100020201100200
00122021012101011021002200200011
02002010222000221220012021122200
21101002202012101012100022012022
11212001202000121202200200101120
22210002110122011002221020022121
02002100212200122111112212100121
00202112202000022011100011122110
22010110100211021200011202101100
01202101211221121222102101212212
11200022101200122010202211121012
22002202121102000220010202120020
20021112220021010210222011222201
01111010010121201100100020010101
02022122001011000112120101012120
00001201021002000202211222020011
01122102022111221120211202210021
00120220022210221201010212021101
12010200222002011120202100011220
20220220001122121121210011200110
21022120121112022201111100112022
20111210112010200022010012110102
20212120210220201001101101210102
22012221000011121120201222021110
22111020111202120022212212221120
10121202112100112012201001220201
20112211100221122012100221220211
22022201001022220122202212101022
02202120201201222222211200020221
10221100210022201102201001121110
10222202112112101002022011020101
22222211022222102122200022020121
01001012022211200002110001022002
11122022211002112211211222222201
21111112000122022101102121102111
01022112221221211012000022120010
12001211121020011102210121221011
22221001111022210012212102122000
20211222220112002102000022100200
00220212201201201001110121120211
21100021010110220012211122210000
21001110011121101000110220021020
21000200120211221211220121112111
21201111010200220112011022112001
22010122022022001202020022210210
21102120121220002020001011110210
00202211201201222200120212122210
20122212021011102100110211211011
10111211200021212022221101222101
22012122200110021211102202100020
22111210202202212121122210020220
12022101221000201221110001000021
22121011201020010020211221102020
02212122210101012012201122220020
21221210222022120112112111101001
20001010010222200110001022010100
02212022000020012111101102011111
00022202212010110021110101200110
22111112012111012010122022000100
12211001100121011222020210220001
02211000101010202112012222220010
01212201112022101200002022000211
11001022021012002100211101020101
21010211121022110220011201120200
01111120011000212210000101010111
01022220010111020102000011210001
10010121201211101221202011212211
01010221000202211121121000020110
02211022102101211222111221220110
01201120121112021021210120202120
21110222102202221200000112210112
00112001121101111220122211111221
00001020112122021222212000011001
00022220102022201201002210020211
21111122111001202012012120122122
00201101011110200101000010012200
22022100021202010101221102221022
01102200120110122112120122010101
22122220100111010212210122020110
10202210011200002222112102012210
21111011211220212011102200022212
10020020202102210101111011021112
10220122110020222221102000011220
21002001212222222210011112102012
12012102002022221012201100200022
20020020120212200021212211020012
21020022202122100122122010011120
12010212210202011012010220112110
12211111221012122000200212001222
11102212102022002002111211120122
20200102112100120220212001112020
21000102200202020022120221210110
02011010221221202220021220122022
00212001211202221222011220211221
21112122210000220221110022001021
20012012212022121000212212200212
02120220111002000102021122221010
12210021102020002102121010011212
01101121222022020012120001110021
00122102002022211112112102122000
10011110200201010212111000000010
12100012022000010112200010211120
01101201100000211011012221202102
01111110111210021112022211022122
10222001111021001001221002220001
02202221201101211000212212222211
20211120002002212201221021001211
20001001112101002121112000022102
12012101200111110001201210211001
21020020001022121000011211012002
21201100101102012000012202121121
22121221202000111221122120112122
11101120121021120112001110012000
20001021001010201120212022110010
00110101022222221201121011201011
12002112001112121100000210021110
21010012121212211012002100122201
21001100212012220121120222210210
01020102000201212221200102012211
12121122122202002021002101200022
00111010110210100021120210001221
22110012210021101021100201211011
20220022000012000011022111222101
10222222212012110011002222221010
00022222022101102222012012200211
21100122101120212210221011120201
12121120112021221200221101021000
02210210011021011020212002212012
21110012122210021000202222020220
01121221220000111200000021221202
12102112110201012100100121100202
22221210112112102210012021001121
10022101020222212002222210011020
10012020202202120120212022120202
21021102202000000202200210222022
10102220110101202122201001122110
11021022201211210202001012101210
12200220210201100221210111221101
02110122222201021111212102100110
22221121221212200110002221202101
10122111102002011110212222220022
00111000120120212111200200001202
02020101110120021112002002212220
22001021122220110210201001222101
20012201000211112221022100122222
02222212010211102220201212002010
00222020000212011010021102022122
20211221201201012200220010002001
00020112102120110120021102202010
02010122211212120101110200221000
11121111010200221211020100121020
11000120000102101212221000020022
10020000012100201100021121101101
21021122021000111222100102212221
11120120100202112120022001220012
10211120020021020220211020210102
10100010120111110021011021100212
02000101112201212220100122102002
00012100222121211212021120211221
20221222220112002202211110122002
00110110112010002012222010101212
02102010110020121020121222212002
11001211112021012210102102221020
20012221022010100000001022002002
11100101122020001102220122022120
11220222210201022111000001021000
20202201201211210201212210220200
20020022112011110100120200110211
20121020220120202020222101020100
21010120101000201112110220112222
12111120100020101220100102001202
21212111021200020101100221010010
10212002022101112111010011211020
11212011212021211001212001022201
12012122220010120210211221121212
21220100101012210212002020011211
00012020101202101101121110222002
10112120111202010100021121121120
01120202022120202000020001000201
20122110111121211112010211211000
01200202110021212112011101022122
20122121101011012220112200121020
10112120211222001201100102100012
12011111200011001010122010001122
20001222122222210210110120101100
11212100200102202101212211202011
20220002000000201011210120221100
21021010021120112022200210122201
00220021012022220110022101121112
20201222112012021222221212201121
10102001212100120110020020001121
10211001220202010211021210121010
21102122102122022012002100222021
20222211210202202022221000021211
11110020212202100120111221210102
21102111212010022001210000211211
12221111001210111200100112002222
20101022121020201202022220022021
01221210101021102200122220221112
21201120001222211221020012001100
00122020112202002010121021000012
12111220022110211120000221220012
01120001220102020200020210010212
02110100112110110202211022022120
22000012212020010100221121222122
02020210011121200210221111111112
11100111222222021222221000122020
10122222022220212002222002022002
02212102202212002201202200210202
10020112111202102222011100001000
10211211001112102000222212120121
02121202021120221020011110011222
21211202211210122112021122212212
11001121000012200100011001000202
00212101211101210011200020100100
20202112201110221211012020122101
10211012120000002110011012000022
22110202210220220100212102221210
20222121221202000011012112022221
22020110000121202210022110000021
00001212001211010220222000102122
11001001011221101010211020211110
20100111000122211121212021200110
22001010021000012202020010121021
00111220201221121210220222110120
21220200011210220120110102210220
00210020201020022000101221101022
02100120210120221220120112200202
12011210120110022001010210012001
02011201012112110201111211202220
12210201122221221212100222022202
02110122012002012220202220222210
22101001201022222122122121121002
12020022110010002212100102221222
20221100001112011101212012101021
01101201010100002010210112100121
01110121111121100000211110122202
10122110200021020120211120112010
00001212210100211111121012202122
12002221120202122210020120221122
10002021111212202112001001220222
20002110220022220011012222121122
00021201202201110100220211111211
01020100120222120100112002111001
21012111021022201012210202120200
11100122012012200102011110120022
12220011210000111211000212122211
12122001211011220021101020012211
12000222012222201222000201211020
01000001110201210220221111201202
01011101210020210120201111202200
11202012110200000210111201121100
00020022201211012210020021010110
22102122212000122000010221010222
00220022100202202002110211011221
11121210220010010110012100020002
22122021202102221120011112022122
10102101221200122121212111112101
22210012020002111020220102200022
21122000201022100122200220020022
21001001112010220212202101122022
02210201200112012201012120111001
00110100211012200010112020201022
11020102222101100011110022200222
01202020011110111100201210012022
21002200212021212222002210011221
12112202122202001022021220210100
02201222121012000001101010211020
22111121011021122110212012211120
10001210120011110200000002212100
10110012021102112210221220121210
02100020200002201111021120012112
20001011122012001112100002201020
10111000221101110101122212200012
12000010101120011000000200011210
22001002121121222000100120002212
22200001210200101210020200100202
10120212222211021200200011020120
20001100202021210012122211220202
00212111122100010210210100100110
21012111112110001201100002101220
12001211020201010010111222002010
02021011011002012111021222020221
10121211110100212222210200110101
21102000101001101121221000001011
20011120100202211201222022110010
11002201121110000110011010210002
20222111022201212220001000122222
20001111221001101112222102001002
01212102020112101221222010100121
02002200200101112102022201110101
21211221122121021112022211112102
00101112021011222121020101000200
02010012222110111022220011111202
21101021000211122112120211202221
01102210010101101002202121111102
02222100111200010010112101020120
02001112202210220002101022020002
00011111112111111121202100110100
20222001102210210202201000202011
10002221222201000100122122222110
22111101121112020101120110121020
22220012021211111202211110021101
00110211120022102202010202110201
01011100110012001002011100210100
00122201112200001021112020222000
10022100200200201011221100101200
21220022012210210120111120220022
22220020120002112110000012010220
22022000012010202022120020210212
00220010102211102012020010220200
22022210211100220121222102011021
12102022101112210100101200020202
10010222000122012111210010222121
12112000022122211120200001002201
21212110101000012021110220020102
00022220222000220122202200202022
10212222120222221202221001021010
10210212111001021010001122021220
02211002220002020212000201120201
10200000022112122210020000012121
12220100002221121001012122210002
00212022012000011102200100020211
00220211112012110001010122001211
02021200020220111002200121101021
22012222100211021020102111222212
20122121220120111220222011011212
22211101210122211210211102022122
21200010111121002212100201100122
01102211202122212000212001000011
02222102110100001111211001210100
00202100210020112002220010111212
02220200200112010102000112022212
21121000010200002202202210102002
12202121221000202002121020000002
10011200222121121110200101212210
01212002220201111000102222121201
10111110011112000002221112012222
21002220201000020110012010122112
01202211201102120221121000222120
00122000122210220012200220021021
00211220210121221010121022212211
10000210122001212201210010110002
00020122022110010000200000010011
21122001000200111121220020200020
01121112112020111001101101222202
01222112012010102211012222222220
12011201122211101010112111011022
02221212000101221121222200000201
12000200002121112122121202212001
21200202020211001002221021211001
22202002101202112100111001022012
01021020010101210021000020010201
11121000211202102022121121201122
20221021201222201022000120212210
01202212001112122010221201110211
10110100121212111020002121201122
20121221210100011022101111122102
21111001222000210010022110210002
11100012210211101001000202100202
10010220120001111102112010120022
12122001102110100202120100111010
02211222221002110111122001112010
21200100221220122222222211101211
00010022212020210100202011001220
02200200021200110022022010000011
20202010000102010201101022000220
22120021002102002111011012011021
00001112221022121011102200220100
02111020201202210012012111021021
21002211001021011202000000212022
12102200121112202212120110210202
21012100111011201102011220020110
02221221121201022221000022220100
20112122021100112120100120202221
21102121012211102102110212012002
12211222121210101221110001202010
00211112102211021112222212100210
01012211221100211010020121200102
21000021212021202100002221000120
01112021221111111211002022021100
01220110100222012222220101222220
21220102202201000000102111021021
20001121221001110121122010201211
02120110021122020202200000122010
22011221120110100200211120121202
21000021201212022102010222212201
01202200220010001011011021211000
20122101100000122220201121222022
10200201202011211110001022210202
00112101202122001112200102122210
02221220012210012202001212110220
01010221221121221112111010112022
