8
13
22220021
22221111
22222212
22222020
22221211
22220000
22221012
22220200
22221002
22221012
22221020
22220210
22220221
8
13
22220021
22221111
22222212
22222020
22221211
22220000
22221012
22220200
22221002
22221012
22221020
22220210
22220221
8
13
22220021
22221111
22222212
22222020
22221211
22220000
22221012
22220200
22221002
22221012
22221020
22220210
22220221
8
13
22220021
22221111
22222212
22222020
22221211
22220000
22221012
22220200
22221002
22221012
22221020
22220210
22220221
8
13
22220021
22221111
22222212
22222020
22221211
22220000
22221012
22220200
22221002
22221012
22221020
22220210
22220221
8
13
22220021
22221111
22222212
22222020
22221211
22220000
22221012
22220200
22221002
22221012
22221020
22220210
22220221
8
13
22220021
22221111
22222212
22222020
22221211
22220000
22221012
22220200
22221002
22221012
22221020
22220210
22220221
8
13
22220021
22221111
22222212
22222020
22221211
22220000
22221012
22220200
22221002
22221012
22221020
22220210
22220221
8
13
22220021
22221111
22222212
22222020
22221211
22220000
22221012
22220200
22221002
22221012
22221020
22220210
22220221
8
13
22220021
22221111
22222212
22222020
22221211
22220000
22221012
22220200
22221002
22221012
22221020
22220210
22220221
8
8
22222111
22222212
22222020
22222211
22222012
22222002
22222012
22222020
8
8
22222111
22222212
22222020
22222211
22222012
22222002
22222012
22222020
8
6
22222112
22222212
22222212
22222012
22222002
22222012
8
6
22222112
22222212
22222212
22222012
22222002
22222012
8
3
22212022
22202022
22202022
0
0
8
2
21222221
20222220
8
2
21222221
20222220
8
2
21222221
20222220
8
2
21222221
20222220
8
4
22220222
20221222
21221222
22220222
8
4
22220222
20221222
21221222
22220222
8
4
22220222
20221222
21221222
22220222
8
4
22220222
20221222
21221222
22220222
8
4
22220222
20221222
21221222
22220222
8
4
22220222
20221222
21221222
22220222
8
5
20202202
20202210
22202200
22222210
22222221
8
2
22222210
22222221
8
2
22222210
22222221
8
1
22222221
8
3
20202222
20222222
21202222
8
1
20222222
8
11
20222222
20220021
20221121
20222020
20221221
21222022
22221022
22221022
22221020
22220220
22220221
8
11
20222222
20220021
20221121
20222020
20221221
21222022
22221022
22221022
22221020
22220220
22220221
8
11
20222222
20220021
20221121
20222020
20221221
21222022
22221022
22221022
22221020
22220220
22220221
8
11
20222222
20220021
20221121
20222020
20221221
21222022
22221022
22221022
22221020
22220220
22220221
8
11
20222222
20220021
20221121
20222020
20221221
21222022
22221022
22221022
22221020
22220220
22220221
8
11
20222222
20220021
20221121
20222020
20221221
21222022
22221022
22221022
22221020
22220220
22220221
8
11
20222222
20220021
20221121
20222020
20221221
21222022
22221022
22221022
22221020
22220220
22220221
8
11
20222222
20220021
20221121
20222020
20221221
21222022
22221022
22221022
22221020
22220220
22220221
8
11
20222222
20220021
20221121
20222020
20221221
21222022
22221022
22221022
22221020
22220220
22220221
8
11
20222222
20220021
20221121
20222020
20221221
21222022
22221022
22221022
22221020
22220220
22220221
8
8
20222222
20220022
20221122
20221222
21222022
22221022
22221022
22220222
8
8
20222222
20220022
20221122
20221222
21222022
22221022
22221022
22220222
8
6
20222222
20222122
20222222
21222022
22222022
22222022
8
6
20222222
20222122
20222222
21222022
22222022
22222022
8
4
22222202
22222200
22222210
22222221
8
4
22222202
22222200
22222210
22222221
8
4
22222202
22222200
22222210
22222221
8
4
22222202
22222200
22222210
22222221
8
4
22222202
22222200
22222210
22222221
8
4
22222202
22222200
22222210
22222221
8
4
22222202
22222200
22222210
22222221
8
4
22222202
22222200
22222210
22222221
8
4
22222202
22222200
22222210
22222221
8
4
22222202
22222200
22222210
22222221
8
4
22222202
22222200
22222210
22222221
8
4
22222202
22222200
22222210
22222221
8
4
22222202
22222200
22222210
22222221
8
4
22222202
22222200
22222210
22222221
8
4
22222202
22222200
22222210
22222221
8
4
22222202
22222200
22222210
22222221
8
4
22222202
22222200
22222210
22222221
8
4
22222202
22222200
22222210
22222221
8
4
22222202
22222200
22222210
22222221
8
4
22222202
22222200
22222210
22222221
8
4
22222202
22222200
22222210
22222221
8
4
22222202
22222200
22222210
22222221
8
4
22222202
22222200
22222210
22222221
8
4
22222202
22222200
22222210
22222221
8
4
22222202
22222200
22222210
22222221
8
4
22222202
22222200
22222210
22222221
8
4
22222202
22222200
22222210
22222221
8
4
22222202
22222200
22222210
22222221
8
4
22222202
22222200
22222210
22222221
8
4
22222202
22222200
22222210
22222221
8
4
22222202
22222200
22222210
22222221
8
4
22222202
22222200
22222210
22222221
8
4
22222202
22222200
22222210
22222221
8
4
22222202
22222200
22222210
22222221
8
4
22222202
22222200
22222210
22222221
8
4
22222202
22222200
22222210
22222221
8
4
22222202
22222200
22222210
22222221
8
4
22222202
22222200
22222210
22222221
8
4
22222202
22222200
22222210
22222221
8
4
22222202
22222200
22222210
22222221
8
4
22222202
22222200
22222210
22222221
8
4
22222202
22222200
22222210
22222221
8
4
22222202
22222200
22222210
22222221
8
4
22222202
22222200
22222210
22222221
8
4
22222202
22222200
22222210
22222221
8
4
22222202
22222200
22222210
22222221
8
4
22222202
22222200
22222210
22222221
8
4
22222202
22222200
22222210
22222221
8
4
22222202
22222200
22222210
22222221
8
4
22222202
22222200
22222210
22222221
8
4
22222202
22222200
22222210
22222221
8
4
22222202
22222200
22222210
22222221
8
4
22222202
22222200
22222210
22222221
8
4
22222202
22222200
22222210
22222221
8
4
22222202
22222200
22222210
22222221
8
4
22222202
22222200
22222210
22222221
8
4
22222202
22222200
22222210
22222221
8
4
22222202
22222200
22222210
22222221
8
4
22222202
22222200
22222210
22222221
8
4
22222202
22222200
22222210
22222221
8
4
22222202
22222200
22222210
22222221
8
4
22222202
22222200
22222210
22222221
8
4
22222202
22222200
22222210
22222221
8
4
22222202
22222200
22222210
22222221
8
4
22222202
22222200
22222210
22222221
8
4
22222202
22222200
22222210
22222221
8
4
22222202
22222200
22222210
22222221
8
4
22222202
22222200
22222210
22222221
8
4
22222202
22222200
22222210
22222221
8
4
22222202
22222200
22222210
22222221
8
4
22222202
22222200
22222210
22222221
8
4
22222202
22222200
22222210
22222221
8
4
22222202
22222200
22222210
22222221
8
4
22222202
22222200
22222210
22222221
8
4
22222202
22222200
22222210
22222221
8
4
22222202
22222200
22222210
22222221
8
4
22222202
22222200
22222210
22222221
8
4
22222202
22222200
22222210
22222221
8
4
22222202
22222200
22222210
22222221
8
4
22222202
22222200
22222210
22222221
8
4
22222202
22222200
22222210
22222221
8
4
22222202
22222200
22222210
22222221
8
4
22222202
22222200
22222210
22222221
8
4
22222202
22222200
22222210
22222221
8
4
22222202
22222200
22222210
22222221
8
4
22222202
22222200
22222210
22222221
8
4
22222202
22222200
22222210
22222221
8
4
22222202
22222200
22222210
22222221
8
4
22222202
22222200
22222210
22222221
8
4
22222202
22222200
22222210
22222221
8
4
22222202
22222200
22222210
22222221
8
4
22222202
22222200
22222210
22222221
8
4
22222202
22222200
22222210
22222221
8
4
22222202
22222200
22222210
22222221
8
4
22222202
22222200
22222210
22222221
8
4
22222202
22222200
22222210
22222221
8
4
22222202
22222200
22222210
22222221
8
4
22222202
22222200
22222210
22222221
8
4
22222202
22222200
22222210
22222221
8
4
22222202
22222200
22222210
22222221
8
4
22222202
22222200
22222210
22222221
8
4
22222202
22222200
22222210
22222221
8
4
22222202
22222200
22222210
22222221
8
4
22222202
22222200
22222210
22222221
8
4
22222202
22222200
22222210
22222221
8
4
22222202
22222200
22222210
22222221
8
4
22222202
22222200
22222210
22222221
8
4
22222202
22222200
22222210
22222221
8
4
22222202
22222200
22222210
22222221
8
4
22222202
22222200
22222210
22222221
8
4
22222202
22222200
22222210
22222221
8
4
22222202
22222200
22222210
22222221
8
4
22222202
22222200
22222210
22222221
8
4
22222202
22222200
22222210
22222221
8
4
22222202
22222200
22222210
22222221
8
4
22222202
22222200
22222210
22222221
8
4
22222202
22222200
22222210
22222221
8
4
22222202
22222200
22222210
22222221
8
4
22222202
22222200
22222210
22222221
8
4
22222202
22222200
22222210
22222221
8
4
22222202
22222200
22222210
22222221
8
4
22222202
22222200
22222210
22222221
8
4
22222202
22222200
22222210
22222221
8
4
22222202
22222200
22222210
22222221
8
4
22222202
22222200
22222210
22222221
8
4
22222202
22222200
22222210
22222221
8
4
22222202
22222200
22222210
22222221
8
4
22222202
22222200
22222210
22222221
8
4
22222202
22222200
22222210
22222221
8
4
22222202
22222200
22222210
22222221
8
4
22222202
22222200
22222210
22222221
8
4
22222202
22222200
22222210
22222221
8
4
22222202
22222200
22222210
22222221
8
4
22222202
22222200
22222210
22222221
8
4
22222202
22222200
22222210
22222221
8
4
22222202
22222200
22222210
22222221
8
4
22222202
22222200
22222210
22222221
8
4
22222202
22222200
22222210
22222221
8
4
22222202
22222200
22222210
22222221
8
4
22222202
22222200
22222210
22222221
8
4
22222202
22222200
22222210
22222221
8
4
22222202
22222200
22222210
22222221
8
4
22222202
22222200
22222210
22222221
8
4
22222202
22222200
22222210
22222221
8
4
22222202
22222200
22222210
22222221
8
4
22222202
22222200
22222210
22222221
8
4
22222202
22222200
22222210
22222221
8
4
22222202
22222200
22222210
22222221
8
4
22222202
22222200
22222210
22222221
8
4
22222202
22222200
22222210
22222221
8
4
22222202
22222200
22222210
22222221
8
4
22222202
22222200
22222210
22222221
8
4
22222202
22222200
22222210
22222221
8
4
22222202
22222200
22222210
22222221
8
4
22222202
22222200
22222210
22222221
8
4
22222202
22222200
22222210
22222221
8
4
22222202
22222200
22222210
22222221
8
4
22222202
22222200
22222210
22222221
8
4
22222202
22222200
22222210
22222221
8
4
22222202
22222200
22222210
22222221
8
4
22222202
22222200
22222210
22222221
8
4
22222202
22222200
22222210
22222221
8
4
22222202
22222200
22222210
22222221
8
4
22222202
22222200
22222210
22222221
8
4
22222202
22222200
22222210
22222221
8
4
22222202
22222200
22222210
22222221
8
4
22222202
22222200
22222210
22222221
8
4
22222202
22222200
22222210
22222221
8
4
22222202
22222200
22222210
22222221
8
4
22222202
22222200
22222210
22222221
8
4
22222202
22222200
22222210
22222221
8
4
22222202
22222200
22222210
22222221
8
4
22222202
22222200
22222210
22222221
8
4
22222202
22222200
22222210
22222221
8
4
22222202
22222200
22222210
22222221
8
4
22222202
22222200
22222210
22222221
8
4
22222202
22222200
22222210
22222221
8
4
22222202
22222200
22222210
22222221
8
4
22222202
22222200
22222210
22222221
8
4
22222202
22222200
22222210
22222221
8
4
22222202
22222200
22222210
22222221
8
4
22222202
22222200
22222210
22222221
8
4
22222202
22222200
22222210
22222221
8
4
22222202
22222200
22222210
22222221
8
4
22222202
22222200
22222210
22222221
8
4
22222202
22222200
22222210
22222221
8
4
22222202
22222200
22222210
22222221
8
4
22222202
22222200
22222210
22222221
8
4
22222202
22222200
22222210
22222221
8
4
22222202
22222200
22222210
22222221
8
4
22222202
22222200
22222210
22222221
8
4
22222202
22222200
22222210
22222221
8
4
22222202
22222200
22222210
22222221
8
4
22222202
22222200
22222210
22222221
8
4
22222202
22222200
22222210
22222221
8
4
22222202
22222200
22222210
22222221
8
4
22222202
22222200
22222210
22222221
8
4
22222202
22222200
22222210
22222221
8
4
22222202
22222200
22222210
22222221
8
4
22222202
22222200
22222210
22222221
8
4
22222202
22222200
22222210
22222221
8
4
22222202
22222200
22222210
22222221
8
4
22222202
22222200
22222210
22222221
8
4
22222202
22222200
22222210
22222221
8
4
22222202
22222200
22222210
22222221
8
4
22222202
22222200
22222210
22222221
8
4
22222202
22222200
22222210
22222221
8
4
22222202
22222200
22222210
22222221
8
4
22222202
22222200
22222210
22222221
8
4
22222202
22222200
22222210
22222221
8
4
22222202
22222200
22222210
22222221
8
4
22222202
22222200
22222210
22222221
8
4
22222202
22222200
22222210
22222221
8
4
22222202
22222200
22222210
22222221
8
4
22222202
22222200
22222210
22222221
8
4
22222202
22222200
22222210
22222221
8
4
22222202
22222200
22222210
22222221
8
4
22222202
22222200
22222210
22222221
8
4
22222202
22222200
22222210
22222221
8
4
22222202
22222200
22222210
22222221
8
4
22222202
22222200
22222210
22222221
8
4
22222202
22222200
22222210
22222221
8
4
22222202
22222200
22222210
22222221
8
4
22222202
22222200
22222210
22222221
8
4
22222202
22222200
22222210
22222221
8
4
22222202
22222200
22222210
22222221
8
4
22222202
22222200
22222210
22222221
8
4
22222202
22222200
22222210
22222221
8
4
22222202
22222200
22222210
22222221
8
4
22222202
22222200
22222210
22222221
8
4
22222202
22222200
22222210
22222221
8
4
22222202
22222200
22222210
22222221
8
4
22222202
22222200
22222210
22222221
8
4
22222202
22222200
22222210
22222221
8
4
22222202
22222200
22222210
22222221
8
4
22222202
22222200
22222210
22222221
8
4
22222202
22222200
22222210
22222221
8
4
22222202
22222200
22222210
22222221
8
4
22222202
22222200
22222210
22222221
8
4
22222202
22222200
22222210
22222221
8
4
22222202
22222200
22222210
22222221
8
4
22222202
22222200
22222210
22222221
8
4
22222202
22222200
22222210
22222221
8
4
22222202
22222200
22222210
22222221
8
4
22222202
22222200
22222210
22222221
8
4
22222202
22222200
22222210
22222221
8
4
22222202
22222200
22222210
22222221
8
4
22222202
22222200
22222210
22222221
8
4
22222202
22222200
22222210
22222221
8
4
22222202
22222200
22222210
22222221
8
4
22222202
22222200
22222210
22222221
8
4
22222202
22222200
22222210
22222221
8
4
22222202
22222200
22222210
22222221
8
4
22222202
22222200
22222210
22222221
8
9
22200122
22212222
22200020
22202020
22200020
22200220
22201022
22201020
22220221
8
9
22200122
22212222
22200020
22202020
22200020
22200220
22201022
22201020
22220221
8
9
22200122
22212222
22200020
22202020
22200020
22200220
22201022
22201020
22220221
8
9
22200122
22212222
22200020
22202020
22200020
22200220
22201022
22201020
22220221
8
9
22200122
22212222
22200020
22202020
22200020
22200220
22201022
22201020
22220221
8
9
22200122
22212222
22200020
22202020
22200020
22200220
22201022
22201020
22220221
8
9
22200122
22212222
22200020
22202020
22200020
22200220
22201022
22201020
22220221
8
9
22200122
22212222
22200020
22202020
22200020
22200220
22201022
22201020
22220221
8
9
22200122
22212222
22200020
22202020
22200020
22200220
22201022
22201020
22220221
8
9
22200122
22212222
22200020
22202020
22200020
22200220
22201022
22201020
22220221
8
4
22212222
22202020
22202022
22202020
8
1
22212222
8
6
22122022
22222022
22122022
22022022
22122022
22222022
0
0
8
9
22021221
22122212
22122222
22120212
22222212
22021212
22122212
22220210
22220221
8
3
22021221
22122222
22220221
8
3
22021221
22122222
22220221
8
1
22122222
8
3
22021222
22122222
22220222
8
3
22021222
22122222
22220222
8
3
22021222
22122222
22220222
8
3
22021222
22122222
22220222
8
3
22021222
22122222
22220222
8
3
22021222
22122222
22220222
8
3
22021222
22122222
22220222
8
3
22021222
22122222
22220222
8
3
22021222
22122222
22220222
8
3
22021222
22122222
22220222
8
3
22021222
22122222
22220222
8
3
22021222
22122222
22220222
8
3
22021222
22122222
22220222
8
3
22021222
22122222
22220222
8
2
21221222
22220222
8
1
22220222
8
12
20220011
20222202
21222022
21222110
22222012
22220012
22222012
20221211
21220100
22222012
22220210
22220221
8
12
20220011
20222202
21222022
21222110
22222012
22220012
22222012
20221211
21220100
22222012
22220210
22220221
8
12
20220011
20222202
21222022
21222110
22222012
22220012
22222012
20221211
21220100
22222012
22220210
22220221
8
12
20220011
20222202
21222022
21222110
22222012
22220012
22222012
20221211
21220100
22222012
22220210
22220221
8
9
22222022
22222110
22222012
22220012
22222012
22220100
22222012
22220210
22220221
8
5
22222022
22222110
22222012
22222012
22222012
8
5
22222022
22222110
22222012
22222012
22222012
8
1
22222022
8
22
20110221
21011221
21201221
21212222
22101221
22112222
22112222
22120222
22200220
20001220
20021220
20102220
20121221
21011222
21102222
22002221
22101222
22112222
22201222
22201220
22220220
22220221
8
22
20110221
21011221
21201221
21212222
22101221
22112222
22112222
22120222
22200220
20001220
20021220
20102220
20121221
21011222
21102222
22002221
22101222
22112222
22201222
22201220
22220220
22220221
8
22
20110221
21011221
21201221
21212222
22101221
22112222
22112222
22120222
22200220
20001220
20021220
20102220
20121221
21011222
21102222
22002221
22101222
22112222
22201222
22201220
22220220
22220221
8
22
20110221
21011221
21201221
21212222
22101221
22112222
22112222
22120222
22200220
20001220
20021220
20102220
20121221
21011222
21102222
22002221
22101222
22112222
22201222
22201220
22220220
22220221
8
17
22011221
22201221
22212222
22101221
22112222
22112222
22120222
22200220
22011222
22102222
22002221
22101222
22112222
22201222
22201220
22220220
22220221
8
17
22011221
22201221
22212222
22101221
22112222
22112222
22120222
22200220
22011222
22102222
22002221
22101222
22112222
22201222
22201220
22220220
22220221
8
17
22011221
22201221
22212222
22101221
22112222
22112222
22120222
22200220
22011222
22102222
22002221
22101222
22112222
22201222
22201220
22220220
22220221
8
17
22011221
22201221
22212222
22101221
22112222
22112222
22120222
22200220
22011222
22102222
22002221
22101222
22112222
22201222
22201220
22220220
22220221
8
17
22011221
22201221
22212222
22101221
22112222
22112222
22120222
22200220
22011222
22102222
22002221
22101222
22112222
22201222
22201220
22220220
22220221
8
17
22011221
22201221
22212222
22101221
22112222
22112222
22120222
22200220
22011222
22102222
22002221
22101222
22112222
22201222
22201220
22220220
22220221
8
11
22221221
22121221
22120222
22220220
22122222
22022221
22121222
22221222
22221220
22220220
22220221
8
11
22221221
22121221
22120222
22220220
22122222
22022221
22121222
22221222
22221220
22220220
22220221
8
17
22011221
22201221
22212222
22101221
22112222
22112222
22120222
22200220
22011222
22102222
22002221
22101222
22112222
22201222
22201220
22220220
22220221
8
17
22011221
22201221
22212222
22101221
22112222
22112222
22120222
22200220
22011222
22102222
22002221
22101222
22112222
22201222
22201220
22220220
22220221
8
11
22221221
22121221
22120222
22220220
22122222
22022221
22121222
22221222
22221220
22220220
22220221
8
11
22221221
22121221
22120222
22220220
22122222
22022221
22121222
22221222
22221220
22220220
22220221
8
17
22011221
22201221
22212222
22101221
22112222
22112222
22120222
22200220
22011222
22102222
22002221
22101222
22112222
22201222
22201220
22220220
22220221
8
17
22011221
22201221
22212222
22101221
22112222
22112222
22120222
22200220
22011222
22102222
22002221
22101222
22112222
22201222
22201220
22220220
22220221
8
17
22011221
22201221
22212222
22101221
22112222
22112222
22120222
22200220
22011222
22102222
22002221
22101222
22112222
22201222
22201220
22220220
22220221
8
17
22011221
22201221
22212222
22101221
22112222
22112222
22120222
22200220
22011222
22102222
22002221
22101222
22112222
22201222
22201220
22220220
22220221
8
11
22221221
22121221
22120222
22220220
22122222
22022221
22121222
22221222
22221220
22220220
22220221
8
11
22221221
22121221
22120222
22220220
22122222
22022221
22121222
22221222
22221220
22220220
22220221
8
17
22011221
22201221
22212222
22101221
22112222
22112222
22120222
22200220
22011222
22102222
22002221
22101222
22112222
22201222
22201220
22220220
22220221
8
17
22011221
22201221
22212222
22101221
22112222
22112222
22120222
22200220
22011222
22102222
22002221
22101222
22112222
22201222
22201220
22220220
22220221
8
11
22221221
22121221
22120222
22220220
22122222
22022221
22121222
22221222
22221220
22220220
22220221
8
11
22221221
22121221
22120222
22220220
22122222
22022221
22121222
22221222
22221220
22220220
22220221
8
17
22110221
22101221
22112222
22112222
22120222
22200220
22001220
22021220
22102220
22121221
22002221
22101222
22112222
22201222
22201220
22220220
22220221
8
17
22110221
22101221
22112222
22112222
22120222
22200220
22001220
22021220
22102220
22121221
22002221
22101222
22112222
22201222
22201220
22220220
22220221
8
17
22110221
22101221
22112222
22112222
22120222
22200220
22001220
22021220
22102220
22121221
22002221
22101222
22112222
22201222
22201220
22220220
22220221
8
17
22110221
22101221
22112222
22112222
22120222
22200220
22001220
22021220
22102220
22121221
22002221
22101222
22112222
22201222
22201220
22220220
22220221
8
17
22110221
22101221
22112222
22112222
22120222
22200220
22001220
22021220
22102220
22121221
22002221
22101222
22112222
22201222
22201220
22220220
22220221
8
17
22110221
22101221
22112222
22112222
22120222
22200220
22001220
22021220
22102220
22121221
22002221
22101222
22112222
22201222
22201220
22220220
22220221
8
11
22110222
22101222
22112222
22112222
22120222
22121222
22002222
22101222
22112222
22201222
22220222
8
11
22110222
22101222
22112222
22112222
22120222
22121222
22002222
22101222
22112222
22201222
22220222
8
7
22120222
22122222
22122222
22120222
22121222
22122222
22220222
8
1
22220222
8
11
02202212
02222102
02212002
02212012
02222112
12202102
12222012
22202022
22202002
22202012
22202022
8
11
02202212
02222102
02212002
02212012
02222112
12202102
12222012
22202022
22202002
22202012
22202022
8
11
02202212
02222102
02212002
02212012
02222112
12202102
12222012
22202022
22202002
22202012
22202022
8
11
02202212
02222102
02212002
02212012
02222112
12202102
12222012
22202022
22202002
22202012
22202022
8
11
02202212
02222102
02212002
02212012
02222112
12202102
12222012
22202022
22202002
22202012
22202022
8
11
02202212
02222102
02212002
02212012
02222112
12202102
12222012
22202022
22202002
22202012
22202022
8
11
02202212
02222102
02212002
02212012
02222112
12202102
12222012
22202022
22202002
22202012
22202022
8
11
02202212
02222102
02212002
02212012
02222112
12202102
12222012
22202022
22202002
22202012
22202022
8
11
02202212
02222102
02212002
02212012
02222112
12202102
12222012
22202022
22202002
22202012
22202022
8
11
02202212
02222102
02212002
02212012
02222112
12202102
12222012
22202022
22202002
22202012
22202022
8
7
02202222
02212022
02222122
12222022
22202022
22202022
22202022
8
7
02202222
02212022
02222122
12222022
22202022
22202022
22202022
8
13
02222222
02222212
12222202
12220212
12220222
12222212
22220202
22221212
22220202
22221202
22221212
22221222
22220212
8
13
02222222
02222212
12222202
12220212
12220222
12222212
22220202
22221212
22220202
22221202
22221212
22221222
22220212
8
13
02222222
02222212
12222202
12220212
12220222
12222212
22220202
22221212
22220202
22221202
22221212
22221222
22220212
8
13
02222222
02222212
12222202
12220212
12220222
12222212
22220202
22221212
22220202
22221202
22221212
22221222
22220212
8
13
02222222
02222212
12222202
12220212
12220222
12222212
22220202
22221212
22220202
22221202
22221212
22221222
22220212
8
13
02222222
02222212
12222202
12220212
12220222
12222212
22220202
22221212
22220202
22221202
22221212
22221222
22220212
8
13
02222222
02222212
12222202
12220212
12220222
12222212
22220202
22221212
22220202
22221202
22221212
22221222
22220212
8
13
02222222
02222212
12222202
12220212
12220222
12222212
22220202
22221212
22220202
22221202
22221212
22221222
22220212
8
13
02222222
02222212
12222202
12220212
12220222
12222212
22220202
22221212
22220202
22221202
22221212
22221222
22220212
8
13
02222222
02222212
12222202
12220212
12220222
12222212
22220202
22221212
22220202
22221202
22221212
22221222
22220212
8
13
02222222
02222212
12222202
12220212
12220222
12222212
22220202
22221212
22220202
22221202
22221212
22221222
22220212
8
13
02222222
02222212
12222202
12220212
12220222
12222212
22220202
22221212
22220202
22221202
22221212
22221222
22220212
8
13
02222222
02222212
12222202
12220212
12220222
12222212
22220202
22221212
22220202
22221202
22221212
22221222
22220212
8
13
02222222
02222212
12222202
12220212
12220222
12222212
22220202
22221212
22220202
22221202
22221212
22221222
22220212
8
13
02222222
02222212
12222202
12220212
12220222
12222212
22220202
22221212
22220202
22221202
22221212
22221222
22220212
8
13
02222222
02222212
12222202
12220212
12220222
12222212
22220202
22221212
22220202
22221202
22221212
22221222
22220212
8
13
02222222
02222212
12222202
12220212
12220222
12222212
22220202
22221212
22220202
22221202
22221212
22221222
22220212
8
13
02222222
02222212
12222202
12220212
12220222
12222212
22220202
22221212
22220202
22221202
22221212
22221222
22220212
8
13
02222222
02222212
12222202
12220212
12220222
12222212
22220202
22221212
22220202
22221202
22221212
22221222
22220212
8
13
02222222
02222212
12222202
12220212
12220222
12222212
22220202
22221212
22220202
22221202
22221212
22221222
22220212
8
13
02222222
02222212
12222202
12220212
12220222
12222212
22220202
22221212
22220202
22221202
22221212
22221222
22220212
8
13
02222222
02222212
12222202
12220212
12220222
12222212
22220202
22221212
22220202
22221202
22221212
22221222
22220212
8
13
02222222
02222212
12222202
12220212
12220222
12222212
22220202
22221212
22220202
22221202
22221212
22221222
22220212
8
13
02222222
02222212
12222202
12220212
12220222
12222212
22220202
22221212
22220202
22221202
22221212
22221222
22220212
8
13
02222222
02222212
12222202
12220212
12220222
12222212
22220202
22221212
22220202
22221202
22221212
22221222
22220212
8
13
02222222
02222212
12222202
12220212
12220222
12222212
22220202
22221212
22220202
22221202
22221212
22221222
22220212
8
13
02222222
02222212
12222202
12220212
12220222
12222212
22220202
22221212
22220202
22221202
22221212
22221222
22220212
8
13
02222222
02222212
12222202
12220212
12220222
12222212
22220202
22221212
22220202
22221202
22221212
22221222
22220212
8
13
02222222
02222212
12222202
12220212
12220222
12222212
22220202
22221212
22220202
22221202
22221212
22221222
22220212
8
13
02222222
02222212
12222202
12220212
12220222
12222212
22220202
22221212
22220202
22221202
22221212
22221222
22220212
8
13
02222222
02222212
12222202
12220212
12220222
12222212
22220202
22221212
22220202
22221202
22221212
22221222
22220212
8
13
02222222
02222212
12222202
12220212
12220222
12222212
22220202
22221212
22220202
22221202
22221212
22221222
22220212
8
13
02222222
02222212
12222202
12220212
12220222
12222212
22220202
22221212
22220202
22221202
22221212
22221222
22220212
8
13
02222222
02222212
12222202
12220212
12220222
12222212
22220202
22221212
22220202
22221202
22221212
22221222
22220212
8
13
02222222
02222212
12222202
12220212
12220222
12222212
22220202
22221212
22220202
22221202
22221212
22221222
22220212
8
13
02222222
02222212
12222202
12220212
12220222
12222212
22220202
22221212
22220202
22221202
22221212
22221222
22220212
8
13
02222222
02222212
12222202
12220212
12220222
12222212
22220202
22221212
22220202
22221202
22221212
22221222
22220212
8
13
02222222
02222212
12222202
12220212
12220222
12222212
22220202
22221212
22220202
22221202
22221212
22221222
22220212
8
13
02222222
02222212
12222202
12220212
12220222
12222212
22220202
22221212
22220202
22221202
22221212
22221222
22220212
8
13
02222222
02222212
12222202
12220212
12220222
12222212
22220202
22221212
22220202
22221202
22221212
22221222
22220212
8
13
02222222
02222212
12222202
12220212
12220222
12222212
22220202
22221212
22220202
22221202
22221212
22221222
22220212
8
13
02222222
02222212
12222202
12220212
12220222
12222212
22220202
22221212
22220202
22221202
22221212
22221222
22220212
8
13
02222222
02222212
12222202
12220212
12220222
12222212
22220202
22221212
22220202
22221202
22221212
22221222
22220212
8
13
02222222
02222212
12222202
12220212
12220222
12222212
22220202
22221212
22220202
22221202
22221212
22221222
22220212
8
13
02222222
02222212
12222202
12220212
12220222
12222212
22220202
22221212
22220202
22221202
22221212
22221222
22220212
8
13
02222222
02222212
12222202
12220212
12220222
12222212
22220202
22221212
22220202
22221202
22221212
22221222
22220212
8
13
02222222
02222212
12222202
12220212
12220222
12222212
22220202
22221212
22220202
22221202
22221212
22221222
22220212
8
13
02222222
02222212
12222202
12220212
12220222
12222212
22220202
22221212
22220202
22221202
22221212
22221222
22220212
8
13
02222222
02222212
12222202
12220212
12220222
12222212
22220202
22221212
22220202
22221202
22221212
22221222
22220212
8
13
02222222
02222212
12222202
12220212
12220222
12222212
22220202
22221212
22220202
22221202
22221212
22221222
22220212
8
13
02222222
02222212
12222202
12220212
12220222
12222212
22220202
22221212
22220202
22221202
22221212
22221222
22220212
8
13
02222222
02222212
12222202
12220212
12220222
12222212
22220202
22221212
22220202
22221202
22221212
22221222
22220212
8
13
02222222
02222212
12222202
12220212
12220222
12222212
22220202
22221212
22220202
22221202
22221212
22221222
22220212
8
13
02222222
02222212
12222202
12220212
12220222
12222212
22220202
22221212
22220202
22221202
22221212
22221222
22220212
8
13
02222222
02222212
12222202
12220212
12220222
12222212
22220202
22221212
22220202
22221202
22221212
22221222
22220212
8
13
02222222
02222212
12222202
12220212
12220222
12222212
22220202
22221212
22220202
22221202
22221212
22221222
22220212
8
13
02222222
02222212
12222202
12220212
12220222
12222212
22220202
22221212
22220202
22221202
22221212
22221222
22220212
8
13
02222222
02222212
12222202
12220212
12220222
12222212
22220202
22221212
22220202
22221202
22221212
22221222
22220212
8
13
02222222
02222212
12222202
12220212
12220222
12222212
22220202
22221212
22220202
22221202
22221212
22221222
22220212
8
13
02222222
02222212
12222202
12220212
12220222
12222212
22220202
22221212
22220202
22221202
22221212
22221222
22220212
8
13
02222222
02222212
12222202
12220212
12220222
12222212
22220202
22221212
22220202
22221202
22221212
22221222
22220212
8
13
02222222
02222212
12222202
12220212
12220222
12222212
22220202
22221212
22220202
22221202
22221212
22221222
22220212
8
13
02222222
02222212
12222202
12220212
12220222
12222212
22220202
22221212
22220202
22221202
22221212
22221222
22220212
8
13
02222222
02222212
12222202
12220212
12220222
12222212
22220202
22221212
22220202
22221202
22221212
22221222
22220212
8
13
02222222
02222212
12222202
12220212
12220222
12222212
22220202
22221212
22220202
22221202
22221212
22221222
22220212
8
13
02222222
02222212
12222202
12220212
12220222
12222212
22220202
22221212
22220202
22221202
22221212
22221222
22220212
8
13
02222222
02222212
12222202
12220212
12220222
12222212
22220202
22221212
22220202
22221202
22221212
22221222
22220212
8
13
02222222
02222212
12222202
12220212
12220222
12222212
22220202
22221212
22220202
22221202
22221212
22221222
22220212
8
13
02222222
02222212
12222202
12220212
12220222
12222212
22220202
22221212
22220202
22221202
22221212
22221222
22220212
8
13
02222222
02222212
12222202
12220212
12220222
12222212
22220202
22221212
22220202
22221202
22221212
22221222
22220212
8
13
02222222
02222212
12222202
12220212
12220222
12222212
22220202
22221212
22220202
22221202
22221212
22221222
22220212
8
13
02222222
02222212
12222202
12220212
12220222
12222212
22220202
22221212
22220202
22221202
22221212
22221222
22220212
8
13
02222222
02222212
12222202
12220212
12220222
12222212
22220202
22221212
22220202
22221202
22221212
22221222
22220212
8
13
02222222
02222212
12222202
12220212
12220222
12222212
22220202
22221212
22220202
22221202
22221212
22221222
22220212
8
13
02222222
02222212
12222202
12220212
12220222
12222212
22220202
22221212
22220202
22221202
22221212
22221222
22220212
8
13
02222222
02222212
12222202
12220212
12220222
12222212
22220202
22221212
22220202
22221202
22221212
22221222
22220212
8
13
02222222
02222212
12222202
12220212
12220222
12222212
22220202
22221212
22220202
22221202
22221212
22221222
22220212
8
13
02222222
02222212
12222202
12220212
12220222
12222212
22220202
22221212
22220202
22221202
22221212
22221222
22220212
8
13
02222222
02222212
12222202
12220212
12220222
12222212
22220202
22221212
22220202
22221202
22221212
22221222
22220212
8
13
02222222
02222212
12222202
12220212
12220222
12222212
22220202
22221212
22220202
22221202
22221212
22221222
22220212
8
13
02222222
02222212
12222202
12220212
12220222
12222212
22220202
22221212
22220202
22221202
22221212
22221222
22220212
8
13
02222222
02222212
12222202
12220212
12220222
12222212
22220202
22221212
22220202
22221202
22221212
22221222
22220212
8
13
02222222
02222212
12222202
12220212
12220222
12222212
22220202
22221212
22220202
22221202
22221212
22221222
22220212
8
13
02222222
02222212
12222202
12220212
12220222
12222212
22220202
22221212
22220202
22221202
22221212
22221222
22220212
8
13
02222222
02222212
12222202
12220212
12220222
12222212
22220202
22221212
22220202
22221202
22221212
22221222
22220212
8
13
02222222
02222212
12222202
12220212
12220222
12222212
22220202
22221212
22220202
22221202
22221212
22221222
22220212
8
13
02222222
02222212
12222202
12220212
12220222
12222212
22220202
22221212
22220202
22221202
22221212
22221222
22220212
8
13
02222222
02222212
12222202
12220212
12220222
12222212
22220202
22221212
22220202
22221202
22221212
22221222
22220212
8
13
02222222
02222212
12222202
12220212
12220222
12222212
22220202
22221212
22220202
22221202
22221212
22221222
22220212
8
13
02222222
02222212
12222202
12220212
12220222
12222212
22220202
22221212
22220202
22221202
22221212
22221222
22220212
8
13
02222222
02222212
12222202
12220212
12220222
12222212
22220202
22221212
22220202
22221202
22221212
22221222
22220212
8
13
02222222
02222212
12222202
12220212
12220222
12222212
22220202
22221212
22220202
22221202
22221212
22221222
22220212
8
13
02222222
02222212
12222202
12220212
12220222
12222212
22220202
22221212
22220202
22221202
22221212
22221222
22220212
8
13
02222222
02222212
12222202
12220212
12220222
12222212
22220202
22221212
22220202
22221202
22221212
22221222
22220212
8
13
02222222
02222212
12222202
12220212
12220222
12222212
22220202
22221212
22220202
22221202
22221212
22221222
22220212
8
13
02222222
02222212
12222202
12220212
12220222
12222212
22220202
22221212
22220202
22221202
22221212
22221222
22220212
8
13
02222222
02222212
12222202
12220212
12220222
12222212
22220202
22221212
22220202
22221202
22221212
22221222
22220212
8
13
02222222
02222212
12222202
12220212
12220222
12222212
22220202
22221212
22220202
22221202
22221212
22221222
22220212
8
13
02222222
02222212
12222202
12220212
12220222
12222212
22220202
22221212
22220202
22221202
22221212
22221222
22220212
8
13
02222222
02222212
12222202
12220212
12220222
12222212
22220202
22221212
22220202
22221202
22221212
22221222
22220212
8
13
02222222
02222212
12222202
12220212
12220222
12222212
22220202
22221212
22220202
22221202
22221212
22221222
22220212
8
13
02222222
02222212
12222202
12220212
12220222
12222212
22220202
22221212
22220202
22221202
22221212
22221222
22220212
8
13
02222222
02222212
12222202
12220212
12220222
12222212
22220202
22221212
22220202
22221202
22221212
22221222
22220212
8
13
02222222
02222212
12222202
12220212
12220222
12222212
22220202
22221212
22220202
22221202
22221212
22221222
22220212
8
13
02222222
02222212
12222202
12220212
12220222
12222212
22220202
22221212
22220202
22221202
22221212
22221222
22220212
8
13
02222222
02222212
12222202
12220212
12220222
12222212
22220202
22221212
22220202
22221202
22221212
22221222
22220212
8
13
02222222
02222212
12222202
12220212
12220222
12222212
22220202
22221212
22220202
22221202
22221212
22221222
22220212
8
13
02222222
02222212
12222202
12220212
12220222
12222212
22220202
22221212
22220202
22221202
22221212
22221222
22220212
8
13
02222222
02222212
12222202
12220212
12220222
12222212
22220202
22221212
22220202
22221202
22221212
22221222
22220212
8
13
02222222
02222212
12222202
12220212
12220222
12222212
22220202
22221212
22220202
22221202
22221212
22221222
22220212
8
13
02222222
02222212
12222202
12220212
12220222
12222212
22220202
22221212
22220202
22221202
22221212
22221222
22220212
8
13
02222222
02222212
12222202
12220212
12220222
12222212
22220202
22221212
22220202
22221202
22221212
22221222
22220212
8
13
02222222
02222212
12222202
12220212
12220222
12222212
22220202
22221212
22220202
22221202
22221212
22221222
22220212
8
13
02222222
02222212
12222202
12220212
12220222
12222212
22220202
22221212
22220202
22221202
22221212
22221222
22220212
8
13
02222222
02222212
12222202
12220212
12220222
12222212
22220202
22221212
22220202
22221202
22221212
22221222
22220212
8
13
02222222
02222212
12222202
12220212
12220222
12222212
22220202
22221212
22220202
22221202
22221212
22221222
22220212
8
13
02222222
02222212
12222202
12220212
12220222
12222212
22220202
22221212
22220202
22221202
22221212
22221222
22220212
8
13
02222222
02222212
12222202
12220212
12220222
12222212
22220202
22221212
22220202
22221202
22221212
22221222
22220212
8
13
02222222
02222212
12222202
12220212
12220222
12222212
22220202
22221212
22220202
22221202
22221212
22221222
22220212
8
13
02222222
02222212
12222202
12220212
12220222
12222212
22220202
22221212
22220202
22221202
22221212
22221222
22220212
8
13
02222222
02222212
12222202
12220212
12220222
12222212
22220202
22221212
22220202
22221202
22221212
22221222
22220212
8
13
02222222
02222212
12222202
12220212
12220222
12222212
22220202
22221212
22220202
22221202
22221212
22221222
22220212
8
13
02222222
02222212
12222202
12220212
12220222
12222212
22220202
22221212
22220202
22221202
22221212
22221222
22220212
8
13
02222222
02222212
12222202
12220212
12220222
12222212
22220202
22221212
22220202
22221202
22221212
22221222
22220212
8
13
02222222
02222212
12222202
12220212
12220222
12222212
22220202
22221212
22220202
22221202
22221212
22221222
22220212
8
13
02222222
02222212
12222202
12220212
12220222
12222212
22220202
22221212
22220202
22221202
22221212
22221222
22220212
8
11
02202222
02202122
02202222
02212122
12202022
12212022
12212222
12222022
22202022
22212022
22202022
8
11
02202222
02202122
02202222
02212122
12202022
12212022
12212222
12222022
22202022
22212022
22202022
8
7
22202022
22212022
22212222
22222022
22202022
22212022
22202022
8
1
22212222
8
4
02222220
12222221
12222222
12222222
8
4
02222220
12222221
12222222
12222222
8
4
02222220
12222221
12222222
12222222
8
4
02222220
12222221
12222222
12222222
8
4
02222220
12222221
12222222
12222222
8
4
02222220
12222221
12222222
12222222
8
4
02222220
12222221
12222222
12222222
8
4
02222220
12222221
12222222
12222222
8
4
02222220
12222221
12222222
12222222
8
4
02222220
12222221
12222222
12222222
8
4
02222220
12222221
12222222
12222222
8
4
02222220
12222221
12222222
12222222
8
4
02222220
12222221
12222222
12222222
8
4
02222220
12222221
12222222
12222222
8
15
02222212
12221211
12221211
12220212
12220220
12222212
22222201
22220200
22221212
22220200
22221202
22221212
22221220
22220210
22220221
8
15
02222212
12221211
12221211
12220212
12220220
12222212
22222201
22220200
22221212
22220200
22221202
22221212
22221220
22220210
22220221
8
15
02222212
12221211
12221211
12220212
12220220
12222212
22222201
22220200
22221212
22220200
22221202
22221212
22221220
22220210
22220221
8
15
02222212
12221211
12221211
12220212
12220220
12222212
22222201
22220200
22221212
22220200
22221202
22221212
22221220
22220210
22220221
8
15
02222212
12221211
12221211
12220212
12220220
12222212
22222201
22220200
22221212
22220200
22221202
22221212
22221220
22220210
22220221
8
15
02222212
12221211
12221211
12220212
12220220
12222212
22222201
22220200
22221212
22220200
22221202
22221212
22221220
22220210
22220221
8
15
02222212
12221211
12221211
12220212
12220220
12222212
22222201
22220200
22221212
22220200
22221202
22221212
22221220
22220210
22220221
8
15
02222212
12221211
12221211
12220212
12220220
12222212
22222201
22220200
22221212
22220200
22221202
22221212
22221220
22220210
22220221
8
9
02222212
12222212
12222220
12222212
22222201
22222200
22222200
22222210
22222221
8
9
02222212
12222212
12222220
12222212
22222201
22222200
22222200
22222210
22222221
8
9
02222212
12222212
12222220
12222212
22222201
22222200
22222200
22222210
22222221
8
9
02222212
12222212
12222220
12222212
22222201
22222200
22222200
22222210
22222221
8
9
02222212
12222212
12222220
12222212
22222201
22222200
22222200
22222210
22222221
8
9
02222212
12222212
12222220
12222212
22222201
22222200
22222200
22222210
22222221
8
15
02222212
12221211
12221211
12220212
12220220
12222212
22222201
22220200
22221212
22220200
22221202
22221212
22221220
22220210
22220221
8
15
02222212
12221211
12221211
12220212
12220220
12222212
22222201
22220200
22221212
22220200
22221202
22221212
22221220
22220210
22220221
8
9
02222212
12222212
12222220
12222212
22222201
22222200
22222200
22222210
22222221
8
9
02222212
12222212
12222220
12222212
22222201
22222200
22222200
22222210
22222221
8
9
02222212
12222212
12222220
12222212
22222201
22222200
22222200
22222210
22222221
8
9
02222212
12222212
12222220
12222212
22222201
22222200
22222200
22222210
22222221
8
9
02222212
12222212
12222220
12222212
22222201
22222200
22222200
22222210
22222221
8
9
02222212
12222212
12222220
12222212
22222201
22222200
22222200
22222210
22222221
8
15
02222212
12221211
12221211
12220212
12220220
12222212
22222201
22220200
22221212
22220200
22221202
22221212
22221220
22220210
22220221
8
15
02222212
12221211
12221211
12220212
12220220
12222212
22222201
22220200
22221212
22220200
22221202
22221212
22221220
22220210
22220221
8
15
02222212
12221211
12221211
12220212
12220220
12222212
22222201
22220200
22221212
22220200
22221202
22221212
22221220
22220210
22220221
8
15
02222212
12221211
12221211
12220212
12220220
12222212
22222201
22220200
22221212
22220200
22221202
22221212
22221220
22220210
22220221
8
9
02222212
12222212
12222220
12222212
22222201
22222200
22222200
22222210
22222221
8
9
02222212
12222212
12222220
12222212
22222201
22222200
22222200
22222210
22222221
8
9
02222212
12222212
12222220
12222212
22222201
22222200
22222200
22222210
22222221
8
9
02222212
12222212
12222220
12222212
22222201
22222200
22222200
22222210
22222221
8
9
02222212
12222212
12222220
12222212
22222201
22222200
22222200
22222210
22222221
8
9
02222212
12222212
12222220
12222212
22222201
22222200
22222200
22222210
22222221
8
15
02222212
12221211
12221211
12220212
12220220
12222212
22222201
22220200
22221212
22220200
22221202
22221212
22221220
22220210
22220221
8
15
02222212
12221211
12221211
12220212
12220220
12222212
22222201
22220200
22221212
22220200
22221202
22221212
22221220
22220210
22220221
8
9
02222212
12222212
12222220
12222212
22222201
22222200
22222200
22222210
22222221
8
9
02222212
12222212
12222220
12222212
22222201
22222200
22222200
22222210
22222221
8
9
02222212
12222212
12222220
12222212
22222201
22222200
22222200
22222210
22222221
8
9
02222212
12222212
12222220
12222212
22222201
22222200
22222200
22222210
22222221
8
9
02222212
12222212
12222220
12222212
22222201
22222200
22222200
22222210
22222221
8
9
02222212
12222212
12222220
12222212
22222201
22222200
22222200
22222210
22222221
8
15
02222212
12221211
12221211
12220212
12220220
12222212
22222201
22220200
22221212
22220200
22221202
22221212
22221220
22220210
22220221
8
15
02222212
12221211
12221211
12220212
12220220
12222212
22222201
22220200
22221212
22220200
22221202
22221212
22221220
22220210
22220221
8
15
02222212
12221211
12221211
12220212
12220220
12222212
22222201
22220200
22221212
22220200
22221202
22221212
22221220
22220210
22220221
8
15
02222212
12221211
12221211
12220212
12220220
12222212
22222201
22220200
22221212
22220200
22221202
22221212
22221220
22220210
22220221
8
15
02222212
12221211
12221211
12220212
12220220
12222212
22222201
22220200
22221212
22220200
22221202
22221212
22221220
22220210
22220221
8
15
02222212
12221211
12221211
12220212
12220220
12222212
22222201
22220200
22221212
22220200
22221202
22221212
22221220
22220210
22220221
8
9
02222212
12222212
12222220
12222212
22222201
22222200
22222200
22222210
22222221
8
9
02222212
12222212
12222220
12222212
22222201
22222200
22222200
22222210
22222221
8
9
02222212
12222212
12222220
12222212
22222201
22222200
22222200
22222210
22222221
8
9
02222212
12222212
12222220
12222212
22222201
22222200
22222200
22222210
22222221
8
9
02222212
12222212
12222220
12222212
22222201
22222200
22222200
22222210
22222221
8
9
02222212
12222212
12222220
12222212
22222201
22222200
22222200
22222210
22222221
8
15
02222212
12221211
12221211
12220212
12220220
12222212
22222201
22220200
22221212
22220200
22221202
22221212
22221220
22220210
22220221
8
15
02222212
12221211
12221211
12220212
12220220
12222212
22222201
22220200
22221212
22220200
22221202
22221212
22221220
22220210
22220221
8
9
02222212
12222212
12222220
12222212
22222201
22222200
22222200
22222210
22222221
8
9
02222212
12222212
12222220
12222212
22222201
22222200
22222200
22222210
22222221
8
9
02222212
12222212
12222220
12222212
22222201
22222200
22222200
22222210
22222221
8
9
02222212
12222212
12222220
12222212
22222201
22222200
22222200
22222210
22222221
8
9
02222212
12222212
12222220
12222212
22222201
22222200
22222200
22222210
22222221
8
9
02222212
12222212
12222220
12222212
22222201
22222200
22222200
22222210
22222221
8
15
02222212
12221211
12221211
12220212
12220220
12222212
22222201
22220200
22221212
22220200
22221202
22221212
22221220
22220210
22220221
8
15
02222212
12221211
12221211
12220212
12220220
12222212
22222201
22220200
22221212
22220200
22221202
22221212
22221220
22220210
22220221
8
15
02222212
12221211
12221211
12220212
12220220
12222212
22222201
22220200
22221212
22220200
22221202
22221212
22221220
22220210
22220221
8
15
02222212
12221211
12221211
12220212
12220220
12222212
22222201
22220200
22221212
22220200
22221202
22221212
22221220
22220210
22220221
8
9
02222212
12222212
12222220
12222212
22222201
22222200
22222200
22222210
22222221
8
9
02222212
12222212
12222220
12222212
22222201
22222200
22222200
22222210
22222221
8
9
02222212
12222212
12222220
12222212
22222201
22222200
22222200
22222210
22222221
8
9
02222212
12222212
12222220
12222212
22222201
22222200
22222200
22222210
22222221
8
9
02222212
12222212
12222220
12222212
22222201
22222200
22222200
22222210
22222221
8
9
02222212
12222212
12222220
12222212
22222201
22222200
22222200
22222210
22222221
8
15
02222212
12221211
12221211
12220212
12220220
12222212
22222201
22220200
22221212
22220200
22221202
22221212
22221220
22220210
22220221
8
15
02222212
12221211
12221211
12220212
12220220
12222212
22222201
22220200
22221212
22220200
22221202
22221212
22221220
22220210
22220221
8
9
02222212
12222212
12222220
12222212
22222201
22222200
22222200
22222210
22222221
8
9
02222212
12222212
12222220
12222212
22222201
22222200
22222200
22222210
22222221
8
9
02222212
12222212
12222220
12222212
22222201
22222200
22222200
22222210
22222221
8
9
02222212
12222212
12222220
12222212
22222201
22222200
22222200
22222210
22222221
8
9
02222212
12222212
12222220
12222212
22222201
22222200
22222200
22222210
22222221
8
9
02222212
12222212
12222220
12222212
22222201
22222200
22222200
22222210
22222221
8
3
22222022
22221022
22220222
8
1
22220222
8
8
00220202
01221202
10221202
11221212
12222212
22221202
22221212
22220222
8
8
00220202
01221202
10221202
11221212
12222212
22221202
22221212
22220222
8
6
02221202
12221212
12222212
22221202
22221212
22220222
8
6
02221202
12221212
12222212
22221202
22221212
22220222
8
6
02221202
12221212
12222212
22221202
22221212
22220222
8
6
02221202
12221212
12222212
22221202
22221212
22220222
8
6
02221202
12221212
12222212
22221202
22221212
22220222
8
6
02221202
12221212
12222212
22221202
22221212
22220222
8
6
02221202
12221212
12222212
22221202
22221212
22220222
8
6
02221202
12221212
12222212
22221202
22221212
22220222
8
6
02221202
12221212
12222212
22221202
22221212
22220222
8
6
02221202
12221212
12222212
22221202
22221212
22220222
8
5
22221212
22222212
22221202
22221212
22220222
8
5
22221212
22222212
22221202
22221212
22220222
8
4
22221202
22221202
22221212
22220222
8
4
22221202
22221202
22221212
22220222
8
6
02221202
12221212
12222212
22221202
22221212
22220222
8
6
02221202
12221212
12222212
22221202
22221212
22220222
8
5
22221212
22222212
22221202
22221212
22220222
8
5
22221212
22222212
22221202
22221212
22220222
8
4
22221202
22221202
22221212
22220222
8
4
22221202
22221202
22221212
22220222
8
6
02221202
12221212
12222212
22221202
22221212
22220222
8
6
02221202
12221212
12222212
22221202
22221212
22220222
8
6
02221202
12221212
12222212
22221202
22221212
22220222
8
6
02221202
12221212
12222212
22221202
22221212
22220222
8
5
22221212
22222212
22221202
22221212
22220222
8
5
22221212
22222212
22221202
22221212
22220222
8
4
22221202
22221202
22221212
22220222
8
4
22221202
22221202
22221212
22220222
8
6
02221202
12221212
12222212
22221202
22221212
22220222
8
6
02221202
12221212
12222212
22221202
22221212
22220222
8
5
22221212
22222212
22221202
22221212
22220222
8
5
22221212
22222212
22221202
22221212
22220222
8
4
22221202
22221202
22221212
22220222
8
4
22221202
22221202
22221212
22220222
8
6
02221202
12221212
12222212
22221202
22221212
22220222
8
6
02221202
12221212
12222212
22221202
22221212
22220222
8
6
02221202
12221212
12222212
22221202
22221212
22220222
8
6
02221202
12221212
12222212
22221202
22221212
22220222
8
6
02221202
12221212
12222212
22221202
22221212
22220222
8
6
02221202
12221212
12222212
22221202
22221212
22220222
8
5
22221212
22222212
22221202
22221212
22220222
8
5
22221212
22222212
22221202
22221212
22220222
8
4
22221202
22221202
22221212
22220222
8
4
22221202
22221202
22221212
22220222
8
6
02221202
12221212
12222212
22221202
22221212
22220222
8
6
02221202
12221212
12222212
22221202
22221212
22220222
8
5
22221212
22222212
22221202
22221212
22220222
8
5
22221212
22222212
22221202
22221212
22220222
8
4
22221202
22221202
22221212
22220222
8
4
22221202
22221202
22221212
22220222
8
6
02221202
12221212
12222212
22221202
22221212
22220222
8
6
02221202
12221212
12222212
22221202
22221212
22220222
8
6
02221202
12221212
12222212
22221202
22221212
22220222
8
6
02221202
12221212
12222212
22221202
22221212
22220222
8
5
22221212
22222212
22221202
22221212
22220222
8
5
22221212
22222212
22221202
22221212
22220222
8
4
22221202
22221202
22221212
22220222
8
4
22221202
22221202
22221212
22220222
8
6
02221202
12221212
12222212
22221202
22221212
22220222
8
6
02221202
12221212
12222212
22221202
22221212
22220222
8
5
22221212
22222212
22221202
22221212
22220222
8
5
22221212
22222212
22221202
22221212
22220222
8
4
22221202
22221202
22221212
22220222
8
4
22221202
22221202
22221212
22220222
8
6
02221202
12221212
12222212
22221202
22221212
22220222
8
6
02221202
12221212
12222212
22221202
22221212
22220222
8
6
02221202
12221212
12222212
22221202
22221212
22220222
8
6
02221202
12221212
12222212
22221202
22221212
22220222
8
6
02221202
12221212
12222212
22221202
22221212
22220222
8
6
02221202
12221212
12222212
22221202
22221212
22220222
8
6
02221202
12221212
12222212
22221202
22221212
22220222
8
6
02221202
12221212
12222212
22221202
22221212
22220222
8
5
22221212
22222212
22221202
22221212
22220222
8
5
22221212
22222212
22221202
22221212
22220222
8
4
22221202
22221202
22221212
22220222
8
4
22221202
22221202
22221212
22220222
8
6
02221202
12221212
12222212
22221202
22221212
22220222
8
6
02221202
12221212
12222212
22221202
22221212
22220222
8
5
22221212
22222212
22221202
22221212
22220222
8
5
22221212
22222212
22221202
22221212
22220222
8
4
22221202
22221202
22221212
22220222
8
4
22221202
22221202
22221212
22220222
8
6
02221202
12221212
12222212
22221202
22221212
22220222
8
6
02221202
12221212
12222212
22221202
22221212
22220222
8
6
02221202
12221212
12222212
22221202
22221212
22220222
8
6
02221202
12221212
12222212
22221202
22221212
22220222
8
5
22221212
22222212
22221202
22221212
22220222
8
5
22221212
22222212
22221202
22221212
22220222
8
4
22221202
22221202
22221212
22220222
8
4
22221202
22221202
22221212
22220222
8
6
02221202
12221212
12222212
22221202
22221212
22220222
8
6
02221202
12221212
12222212
22221202
22221212
22220222
8
5
22221212
22222212
22221202
22221212
22220222
8
5
22221212
22222212
22221202
22221212
22220222
8
4
22221202
22221202
22221212
22220222
8
4
22221202
22221202
22221212
22220222
8
6
02221202
12221212
12222212
22221202
22221212
22220222
8
6
02221202
12221212
12222212
22221202
22221212
22220222
8
6
02221202
12221212
12222212
22221202
22221212
22220222
8
6
02221202
12221212
12222212
22221202
22221212
22220222
8
6
02221202
12221212
12222212
22221202
22221212
22220222
8
6
02221202
12221212
12222212
22221202
22221212
22220222
8
5
22221212
22222212
22221202
22221212
22220222
8
5
22221212
22222212
22221202
22221212
22220222
8
4
22221202
22221202
22221212
22220222
8
4
22221202
22221202
22221212
22220222
8
6
02221202
12221212
12222212
22221202
22221212
22220222
8
6
02221202
12221212
12222212
22221202
22221212
22220222
8
5
22221212
22222212
22221202
22221212
22220222
8
5
22221212
22222212
22221202
22221212
22220222
8
4
22221202
22221202
22221212
22220222
8
4
22221202
22221202
22221212
22220222
8
6
02221202
12221212
12222212
22221202
22221212
22220222
8
6
02221202
12221212
12222212
22221202
22221212
22220222
8
6
02221202
12221212
12222212
22221202
22221212
22220222
8
6
02221202
12221212
12222212
22221202
22221212
22220222
8
5
22221212
22222212
22221202
22221212
22220222
8
5
22221212
22222212
22221202
22221212
22220222
8
4
22221202
22221202
22221212
22220222
8
4
22221202
22221202
22221212
22220222
8
6
02221202
12221212
12222212
22221202
22221212
22220222
8
6
02221202
12221212
12222212
22221202
22221212
22220222
8
5
22221212
22222212
22221202
22221212
22220222
8
5
22221212
22222212
22221202
22221212
22220222
8
4
22221202
22221202
22221212
22220222
8
4
22221202
22221202
22221212
22220222
8
6
02220202
12221202
12222212
22221202
22221212
22220222
8
6
02220202
12221202
12222212
22221202
22221212
22220222
8
6
02220202
12221202
12222212
22221202
22221212
22220222
8
6
02220202
12221202
12222212
22221202
22221212
22220222
8
6
02220202
12221202
12222212
22221202
22221212
22220222
8
6
02220202
12221202
12222212
22221202
22221212
22220222
8
6
02220202
12221202
12222212
22221202
22221212
22220222
8
6
02220202
12221202
12222212
22221202
22221212
22220222
8
6
02220202
12221202
12222212
22221202
22221212
22220222
8
6
02220202
12221202
12222212
22221202
22221212
22220222
8
5
22221202
22222212
22221202
22221212
22220222
8
5
22221202
22222212
22221202
22221212
22220222
8
4
22220202
22221202
22221212
22220222
8
4
22220202
22221202
22221212
22220222
8
6
02220202
12221202
12222212
22221202
22221212
22220222
8
6
02220202
12221202
12222212
22221202
22221212
22220222
8
5
22221202
22222212
22221202
22221212
22220222
8
5
22221202
22222212
22221202
22221212
22220222
8
4
22220202
22221202
22221212
22220222
8
4
22220202
22221202
22221212
22220222
8
6
02220202
12221202
12222212
22221202
22221212
22220222
8
6
02220202
12221202
12222212
22221202
22221212
22220222
8
6
02220202
12221202
12222212
22221202
22221212
22220222
8
6
02220202
12221202
12222212
22221202
22221212
22220222
8
5
22221202
22222212
22221202
22221212
22220222
8
5
22221202
22222212
22221202
22221212
22220222
8
4
22220202
22221202
22221212
22220222
8
4
22220202
22221202
22221212
22220222
8
6
02220202
12221202
12222212
22221202
22221212
22220222
8
6
02220202
12221202
12222212
22221202
22221212
22220222
8
5
22221202
22222212
22221202
22221212
22220222
8
5
22221202
22222212
22221202
22221212
22220222
8
4
22220202
22221202
22221212
22220222
8
4
22220202
22221202
22221212
22220222
8
6
02220202
12221202
12222212
22221202
22221212
22220222
8
6
02220202
12221202
12222212
22221202
22221212
22220222
8
6
02220202
12221202
12222212
22221202
22221212
22220222
8
6
02220202
12221202
12222212
22221202
22221212
22220222
8
6
02220202
12221202
12222212
22221202
22221212
22220222
8
6
02220202
12221202
12222212
22221202
22221212
22220222
8
5
22221202
22222212
22221202
22221212
22220222
8
5
22221202
22222212
22221202
22221212
22220222
8
4
22220202
22221202
22221212
22220222
8
4
22220202
22221202
22221212
22220222
8
6
02220202
12221202
12222212
22221202
22221212
22220222
8
6
02220202
12221202
12222212
22221202
22221212
22220222
8
5
22221202
22222212
22221202
22221212
22220222
8
5
22221202
22222212
22221202
22221212
22220222
8
4
22220202
22221202
22221212
22220222
8
4
22220202
22221202
22221212
22220222
8
6
02220202
12221202
12222212
22221202
22221212
22220222
8
6
02220202
12221202
12222212
22221202
22221212
22220222
8
6
02220202
12221202
12222212
22221202
22221212
22220222
8
6
02220202
12221202
12222212
22221202
22221212
22220222
8
5
22221202
22222212
22221202
22221212
22220222
8
5
22221202
22222212
22221202
22221212
22220222
8
4
22220202
22221202
22221212
22220222
8
4
22220202
22221202
22221212
22220222
8
6
02220202
12221202
12222212
22221202
22221212
22220222
8
6
02220202
12221202
12222212
22221202
22221212
22220222
8
5
22221202
22222212
22221202
22221212
22220222
8
5
22221202
22222212
22221202
22221212
22220222
8
4
22220202
22221202
22221212
22220222
8
4
22220202
22221202
22221212
22220222
8
6
02220202
12221202
12222212
22221202
22221212
22220222
8
6
02220202
12221202
12222212
22221202
22221212
22220222
8
6
02220202
12221202
12222212
22221202
22221212
22220222
8
6
02220202
12221202
12222212
22221202
22221212
22220222
8
6
02220202
12221202
12222212
22221202
22221212
22220222
8
6
02220202
12221202
12222212
22221202
22221212
22220222
8
6
02220202
12221202
12222212
22221202
22221212
22220222
8
6
02220202
12221202
12222212
22221202
22221212
22220222
8
5
22221202
22222212
22221202
22221212
22220222
8
5
22221202
22222212
22221202
22221212
22220222
8
4
22220202
22221202
22221212
22220222
8
4
22220202
22221202
22221212
22220222
8
6
02220202
12221202
12222212
22221202
22221212
22220222
8
6
02220202
12221202
12222212
22221202
22221212
22220222
8
5
22221202
22222212
22221202
22221212
22220222
8
5
22221202
22222212
22221202
22221212
22220222
8
4
22220202
22221202
22221212
22220222
8
4
22220202
22221202
22221212
22220222
8
6
02220202
12221202
12222212
22221202
22221212
22220222
8
6
02220202
12221202
12222212
22221202
22221212
22220222
8
6
02220202
12221202
12222212
22221202
22221212
22220222
8
6
02220202
12221202
12222212
22221202
22221212
22220222
8
5
22221202
22222212
22221202
22221212
22220222
8
5
22221202
22222212
22221202
22221212
22220222
8
4
22220202
22221202
22221212
22220222
8
4
22220202
22221202
22221212
22220222
8
6
02220202
12221202
12222212
22221202
22221212
22220222
8
6
02220202
12221202
12222212
22221202
22221212
22220222
8
5
22221202
22222212
22221202
22221212
22220222
8
5
22221202
22222212
22221202
22221212
22220222
8
4
22220202
22221202
22221212
22220222
8
4
22220202
22221202
22221212
22220222
8
6
02220202
12221202
12222212
22221202
22221212
22220222
8
6
02220202
12221202
12222212
22221202
22221212
22220222
8
6
02220202
12221202
12222212
22221202
22221212
22220222
8
6
02220202
12221202
12222212
22221202
22221212
22220222
8
6
02220202
12221202
12222212
22221202
22221212
22220222
8
6
02220202
12221202
12222212
22221202
22221212
22220222
8
5
22221202
22222212
22221202
22221212
22220222
8
5
22221202
22222212
22221202
22221212
22220222
8
4
22220202
22221202
22221212
22220222
8
4
22220202
22221202
22221212
22220222
8
6
02220202
12221202
12222212
22221202
22221212
22220222
8
6
02220202
12221202
12222212
22221202
22221212
22220222
8
5
22221202
22222212
22221202
22221212
22220222
8
5
22221202
22222212
22221202
22221212
22220222
8
4
22220202
22221202
22221212
22220222
8
4
22220202
22221202
22221212
22220222
8
6
02220202
12221202
12222212
22221202
22221212
22220222
8
6
02220202
12221202
12222212
22221202
22221212
22220222
8
6
02220202
12221202
12222212
22221202
22221212
22220222
8
6
02220202
12221202
12222212
22221202
22221212
22220222
8
5
22221202
22222212
22221202
22221212
22220222
8
5
22221202
22222212
22221202
22221212
22220222
8
4
22220202
22221202
22221212
22220222
8
4
22220202
22221202
22221212
22220222
8
6
02220202
12221202
12222212
22221202
22221212
22220222
8
6
02220202
12221202
12222212
22221202
22221212
22220222
8
5
22221202
22222212
22221202
22221212
22220222
8
5
22221202
22222212
22221202
22221212
22220222
8
4
22220202
22221202
22221212
22220222
8
4
22220202
22221202
22221212
22220222
8
10
00220221
10220221
11222222
12222222
12222222
12220222
12222222
20221221
22220220
22220221
8
10
00220221
10220221
11222222
12222222
12222222
12220222
12222222
20221221
22220220
22220221
8
10
00220221
10220221
11222222
12222222
12222222
12220222
12222222
20221221
22220220
22220221
8
10
00220221
10220221
11222222
12222222
12222222
12220222
12222222
20221221
22220220
22220221
8
10
00220221
10220221
11222222
12222222
12222222
12220222
12222222
20221221
22220220
22220221
8
10
00220221
10220221
11222222
12222222
12222222
12220222
12222222
20221221
22220220
22220221
8
10
00220221
10220221
11222222
12222222
12222222
12220222
12222222
20221221
22220220
22220221
8
10
00220221
10220221
11222222
12222222
12222222
12220222
12222222
20221221
22220220
22220221
8
10
00220221
10220221
11222222
12222222
12222222
12220222
12222222
20221221
22220220
22220221
8
10
00220221
10220221
11222222
12222222
12222222
12220222
12222222
20221221
22220220
22220221
8
7
12222222
12222222
12222222
12220222
12222222
22220220
22220221
0
0
8
9
00022222
00122222
02022122
10122122
10122222
12222022
20122022
21122022
22122022
8
9
00022222
00122222
02022122
10122122
10122222
12222022
20122022
21122022
22122022
8
6
20122122
20122222
22222022
20122022
21122022
22122022
8
1
22222022
8
11
00122222
01022221
10022221
10122222
20022220
20022220
20122220
21122222
21122221
22022221
22222220
8
11
00122222
01022221
10022221
10122222
20022220
20022220
20122220
21122222
21122221
22022221
22222220
8
9
20022221
20122222
20022220
20022220
20122220
21122222
21122221
22022221
22222220
8
9
20022221
20122222
20022220
20022220
20122220
21122222
21122221
22022221
22222220
8
9
20122222
21022221
20022220
20022220
20122220
21122222
21122221
22022221
22222220
8
9
20122222
21022221
20022220
20022220
20122220
21122222
21122221
22022221
22222220
8
14
00022220
00122222
02122222
11222221
12122221
12222222
20022220
20022220
20122220
20122221
21122222
22022221
22122222
22222220
8
14
00022220
00122222
02122222
11222221
12122221
12222222
20022220
20022220
20122220
20122221
21122222
22022221
22122222
22222220
8
11
20022220
20122222
22122222
20022220
20022220
20122220
20122221
21122222
22022221
22122222
22222220
8
11
20022220
20122222
22122222
20022220
20022220
20122220
20122221
21122222
22022221
22122222
22222220
8
11
20022220
20122222
22122222
20022220
20022220
20122220
20122221
21122222
22022221
22122222
22222220
8
11
20022220
20122222
22122222
20022220
20022220
20122220
20122221
21122222
22022221
22122222
22222220
8
11
20022220
20122222
22122222
20022220
20022220
20122220
20122221
21122222
22022221
22122222
22222220
8
11
20022220
20122222
22122222
20022220
20022220
20122220
20122221
21122222
22022221
22122222
22222220
8
11
20022220
20122222
22122222
20022220
20022220
20122220
20122221
21122222
22022221
22122222
22222220
8
11
20022220
20122222
22122222
20022220
20022220
20122220
20122221
21122222
22022221
22122222
22222220
8
11
20022220
20122222
22122222
20022220
20022220
20122220
20122221
21122222
22022221
22122222
22222220
8
11
20022220
20122222
22122222
20022220
20022220
20122220
20122221
21122222
22022221
22122222
22222220
8
11
20022220
20122222
22122222
20022220
20022220
20122220
20122221
21122222
22022221
22122222
22222220
8
11
20022220
20122222
22122222
20022220
20022220
20122220
20122221
21122222
22022221
22122222
22222220
8
11
20022220
20122222
22122222
20022220
20022220
20122220
20122221
21122222
22022221
22122222
22222220
8
11
20022220
20122222
22122222
20022220
20022220
20122220
20122221
21122222
22022221
22122222
22222220
8
11
20022220
20122222
22122222
20022220
20022220
20122220
20122221
21122222
22022221
22122222
22222220
8
11
20022220
20122222
22122222
20022220
20022220
20122220
20122221
21122222
22022221
22122222
22222220
8
11
20022220
20122222
22122222
20022220
20022220
20122220
20122221
21122222
22022221
22122222
22222220
8
11
20022220
20122222
22122222
20022220
20022220
20122220
20122221
21122222
22022221
22122222
22222220
8
11
20022220
20122222
22122222
20022220
20022220
20122220
20122221
21122222
22022221
22122222
22222220
8
11
20022220
20122222
22122222
20022220
20022220
20122220
20122221
21122222
22022221
22122222
22222220
8
11
20022220
20122222
22122222
20022220
20022220
20122220
20122221
21122222
22022221
22122222
22222220
8
11
20022220
20122222
22122222
20022220
20022220
20122220
20122221
21122222
22022221
22122222
22222220
8
11
20022220
20122222
22122222
20022220
20022220
20122220
20122221
21122222
22022221
22122222
22222220
8
11
20022220
20122222
22122222
20022220
20022220
20122220
20122221
21122222
22022221
22122222
22222220
8
11
20022220
20122222
22122222
20022220
20022220
20122220
20122221
21122222
22022221
22122222
22222220
8
11
20022220
20122222
22122222
20022220
20022220
20122220
20122221
21122222
22022221
22122222
22222220
8
11
20022220
20122222
22122222
20022220
20022220
20122220
20122221
21122222
22022221
22122222
22222220
8
11
20022220
20122222
22122222
20022220
20022220
20122220
20122221
21122222
22022221
22122222
22222220
8
11
20022220
20122222
22122222
20022220
20022220
20122220
20122221
21122222
22022221
22122222
22222220
8
11
20022220
20122222
22122222
20022220
20022220
20122220
20122221
21122222
22022221
22122222
22222220
8
11
20022220
20122222
22122222
20022220
20022220
20122220
20122221
21122222
22022221
22122222
22222220
8
11
20022220
20122222
22122222
20022220
20022220
20122220
20122221
21122222
22022221
22122222
22222220
8
11
20022220
20122222
22122222
20022220
20022220
20122220
20122221
21122222
22022221
22122222
22222220
8
11
20022220
20122222
22122222
20022220
20022220
20122220
20122221
21122222
22022221
22122222
22222220
8
11
20022220
20122222
22122222
20022220
20022220
20122220
20122221
21122222
22022221
22122222
22222220
8
11
20022220
20122222
22122222
20022220
20022220
20122220
20122221
21122222
22022221
22122222
22222220
8
11
20022220
20122222
22122222
20022220
20022220
20122220
20122221
21122222
22022221
22122222
22222220
8
11
20022220
20122222
22122222
20022220
20022220
20122220
20122221
21122222
22022221
22122222
22222220
8
11
20022220
20122222
22122222
20022220
20022220
20122220
20122221
21122222
22022221
22122222
22222220
8
11
20022220
20122222
22122222
20022220
20022220
20122220
20122221
21122222
22022221
22122222
22222220
8
11
20022220
20122222
22122222
20022220
20022220
20122220
20122221
21122222
22022221
22122222
22222220
8
11
20022220
20122222
22122222
20022220
20022220
20122220
20122221
21122222
22022221
22122222
22222220
8
11
20022220
20122222
22122222
20022220
20022220
20122220
20122221
21122222
22022221
22122222
22222220
8
11
20022220
20122222
22122222
20022220
20022220
20122220
20122221
21122222
22022221
22122222
22222220
8
11
20022220
20122222
22122222
20022220
20022220
20122220
20122221
21122222
22022221
22122222
22222220
8
11
20022220
20122222
22122222
20022220
20022220
20122220
20122221
21122222
22022221
22122222
22222220
8
11
20022220
20122222
22122222
20022220
20022220
20122220
20122221
21122222
22022221
22122222
22222220
8
11
20022220
20122222
22122222
20022220
20022220
20122220
20122221
21122222
22022221
22122222
22222220
8
11
20022220
20122222
22122222
20022220
20022220
20122220
20122221
21122222
22022221
22122222
22222220
8
11
20022220
20122222
22122222
20022220
20022220
20122220
20122221
21122222
22022221
22122222
22222220
8
11
20022220
20122222
22122222
20022220
20022220
20122220
20122221
21122222
22022221
22122222
22222220
8
11
20022220
20122222
22122222
20022220
20022220
20122220
20122221
21122222
22022221
22122222
22222220
8
11
20022220
20122222
22122222
20022220
20022220
20122220
20122221
21122222
22022221
22122222
22222220
8
11
20022220
20122222
22122222
20022220
20022220
20122220
20122221
21122222
22022221
22122222
22222220
8
11
20022220
20122222
22122222
20022220
20022220
20122220
20122221
21122222
22022221
22122222
22222220
8
11
20022220
20122222
22122222
20022220
20022220
20122220
20122221
21122222
22022221
22122222
22222220
8
11
20022220
20122222
22122222
20022220
20022220
20122220
20122221
21122222
22022221
22122222
22222220
8
11
20022220
20122222
22122222
20022220
20022220
20122220
20122221
21122222
22022221
22122222
22222220
8
11
20022220
20122222
22122222
20022220
20022220
20122220
20122221
21122222
22022221
22122222
22222220
8
11
20022220
20122222
22122222
20022220
20022220
20122220
20122221
21122222
22022221
22122222
22222220
8
11
20022220
20122222
22122222
20022220
20022220
20122220
20122221
21122222
22022221
22122222
22222220
8
11
20022220
20122222
22122222
20022220
20022220
20122220
20122221
21122222
22022221
22122222
22222220
8
17
00002222
00102222
02012022
02012022
02022122
02102222
10102122
11212022
11212122
12112022
12112222
12122022
12202022
12222022
20102022
21102022
22112022
8
17
00002222
00102222
02012022
02012022
02022122
02102222
10102122
11212022
11212122
12112022
12112222
12122022
12202022
12222022
20102022
21102022
22112022
8
10
02022022
02022022
02022122
11222022
11222122
12122022
12122222
12122022
12222022
22122022
8
8
02022022
02022022
02022122
12122022
12122222
12122022
12222022
22122022
8
8
02022022
02022022
02022122
12122022
12122222
12122022
12222022
22122022
8
8
02022022
02022022
02022122
12122022
12122222
12122022
12222022
22122022
8
8
02022022
02022022
02022122
12122022
12122222
12122022
12222022
22122022
8
8
02022022
02022022
02022122
12122022
12122222
12122022
12222022
22122022
8
8
02022022
02022022
02022122
12122022
12122222
12122022
12222022
22122022
8
8
02022022
02022022
02022122
12122022
12122222
12122022
12222022
22122022
8
8
02022022
02022022
02022122
12122022
12122222
12122022
12222022
22122022
8
8
02022022
02022022
02022122
12122022
12122222
12122022
12222022
22122022
8
19
00002202
00102222
00122022
02012012
02022122
02102212
10102122
10112012
10122202
11212022
12012122
12112012
12112222
12122012
12222012
21102022
21102202
22002022
22112012
8
19
00002202
00102222
00122022
02012012
02022122
02102212
10102122
10112012
10122202
11212022
12012122
12112012
12112222
12122012
12222012
21102022
21102202
22002022
22112012
8
12
00122022
02022012
02022122
10122012
10122202
11222022
12022122
12122012
12122222
12122012
12222012
22122012
8
12
00122022
02022012
02022122
10122012
10122202
11222022
12022122
12122012
12122222
12122012
12222012
22122012
8
12
00122022
02022012
02022122
10122012
10122202
11222022
12022122
12122012
12122222
12122012
12222012
22122012
8
12
00122022
02022012
02022122
10122012
10122202
11222022
12022122
12122012
12122222
12122012
12222012
22122012
8
12
00122022
02022012
02022122
10122012
10122202
11222022
12022122
12122012
12122222
12122012
12222012
22122012
8
12
00122022
02022012
02022122
10122012
10122202
11222022
12022122
12122012
12122222
12122012
12222012
22122012
8
9
02022012
02022122
12222022
12022122
12122012
12122222
12122012
12222012
22122012
8
4
02022122
12222022
12022122
12122222
8
4
02022122
12222022
12022122
12122222
8
4
02022122
12222022
12022122
12122222
8
3
20221222
21221222
22220222
8
3
20221222
21221222
22220222
8
3
20221222
21221222
22220222
8
3
20221222
21221222
22220222
8
3
20221222
21221222
22220222
8
3
20221222
21221222
22220222
8
4
22222202
22222200
22222210
22222221
8
4
22222202
22222200
22222210
22222221
8
4
22222202
22222200
22222210
22222221
8
4
22222202
22222200
22222210
22222221
8
4
22222202
22222200
22222210
22222221
8
4
22222202
22222200
22222210
22222221
8
4
22222202
22222200
22222210
22222221
8
4
22222202
22222200
22222210
22222221
8
4
22222202
22222200
22222210
22222221
8
4
22222202
22222200
22222210
22222221
8
4
22222202
22222200
22222210
22222221
8
4
22222202
22222200
22222210
22222221
8
4
22222202
22222200
22222210
22222221
8
4
22222202
22222200
22222210
22222221
8
4
22222202
22222200
22222210
22222221
8
4
22222202
22222200
22222210
22222221
8
4
22222202
22222200
22222210
22222221
8
4
22222202
22222200
22222210
22222221
8
4
22222202
22222200
22222210
22222221
8
4
22222202
22222200
22222210
22222221
8
4
22222202
22222200
22222210
22222221
8
4
22222202
22222200
22222210
22222221
8
4
22222202
22222200
22222210
22222221
8
4
22222202
22222200
22222210
22222221
8
4
22222202
22222200
22222210
22222221
8
4
22222202
22222200
22222210
22222221
8
4
22222202
22222200
22222210
22222221
8
4
22222202
22222200
22222210
22222221
8
4
22222202
22222200
22222210
22222221
8
4
22222202
22222200
22222210
22222221
8
4
22222202
22222200
22222210
22222221
8
4
22222202
22222200
22222210
22222221
8
4
22222202
22222200
22222210
22222221
8
4
22222202
22222200
22222210
22222221
8
4
22222202
22222200
22222210
22222221
8
4
22222202
22222200
22222210
22222221
8
4
22222202
22222200
22222210
22222221
8
4
22222202
22222200
22222210
22222221
8
4
22222202
22222200
22222210
22222221
8
4
22222202
22222200
22222210
22222221
8
4
22222202
22222200
22222210
22222221
8
4
22222202
22222200
22222210
22222221
8
4
22222202
22222200
22222210
22222221
8
4
22222202
22222200
22222210
22222221
8
4
22222202
22222200
22222210
22222221
8
4
22222202
22222200
22222210
22222221
8
4
22222202
22222200
22222210
22222221
8
4
22222202
22222200
22222210
22222221
8
4
22222202
22222200
22222210
22222221
8
4
22222202
22222200
22222210
22222221
8
4
22222202
22222200
22222210
22222221
8
4
22222202
22222200
22222210
22222221
8
4
22222202
22222200
22222210
22222221
8
4
22222202
22222200
22222210
22222221
8
4
22222202
22222200
22222210
22222221
8
4
22222202
22222200
22222210
22222221
8
4
22222202
22222200
22222210
22222221
8
4
22222202
22222200
22222210
22222221
8
4
22222202
22222200
22222210
22222221
8
4
22222202
22222200
22222210
22222221
8
4
22222202
22222200
22222210
22222221
8
4
22222202
22222200
22222210
22222221
8
4
22222202
22222200
22222210
22222221
8
4
22222202
22222200
22222210
22222221
8
4
22222202
22222200
22222210
22222221
8
4
22222202
22222200
22222210
22222221
8
4
22222202
22222200
22222210
22222221
8
4
22222202
22222200
22222210
22222221
8
4
22222202
22222200
22222210
22222221
8
4
22222202
22222200
22222210
22222221
8
4
22222202
22222200
22222210
22222221
8
4
22222202
22222200
22222210
22222221
8
4
22222202
22222200
22222210
22222221
8
4
22222202
22222200
22222210
22222221
8
4
22222202
22222200
22222210
22222221
8
4
22222202
22222200
22222210
22222221
8
4
22222202
22222200
22222210
22222221
8
4
22222202
22222200
22222210
22222221
8
4
22222202
22222200
22222210
22222221
8
4
22222202
22222200
22222210
22222221
8
4
22222202
22222200
22222210
22222221
8
4
22222202
22222200
22222210
22222221
8
4
22222202
22222200
22222210
22222221
8
4
22222202
22222200
22222210
22222221
8
4
22222202
22222200
22222210
22222221
8
4
22222202
22222200
22222210
22222221
8
4
22222202
22222200
22222210
22222221
8
4
22222202
22222200
22222210
22222221
8
4
22222202
22222200
22222210
22222221
8
4
22222202
22222200
22222210
22222221
8
4
22222202
22222200
22222210
22222221
8
4
22222202
22222200
22222210
22222221
8
4
22222202
22222200
22222210
22222221
8
4
22222202
22222200
22222210
22222221
8
4
22222202
22222200
22222210
22222221
8
4
22222202
22222200
22222210
22222221
8
4
22222202
22222200
22222210
22222221
8
4
22222202
22222200
22222210
22222221
8
4
22222202
22222200
22222210
22222221
8
4
22222202
22222200
22222210
22222221
8
4
22222202
22222200
22222210
22222221
8
4
22222202
22222200
22222210
22222221
8
4
22222202
22222200
22222210
22222221
8
4
22222202
22222200
22222210
22222221
8
4
22222202
22222200
22222210
22222221
8
4
22222202
22222200
22222210
22222221
8
4
22222202
22222200
22222210
22222221
8
4
22222202
22222200
22222210
22222221
8
4
22222202
22222200
22222210
22222221
8
4
22222202
22222200
22222210
22222221
8
4
22222202
22222200
22222210
22222221
8
4
22222202
22222200
22222210
22222221
8
4
22222202
22222200
22222210
22222221
8
4
22222202
22222200
22222210
22222221
8
4
22222202
22222200
22222210
22222221
8
4
22222202
22222200
22222210
22222221
8
4
22222202
22222200
22222210
22222221
8
4
22222202
22222200
22222210
22222221
8
4
22222202
22222200
22222210
22222221
8
4
22222202
22222200
22222210
22222221
8
4
22222202
22222200
22222210
22222221
8
4
22222202
22222200
22222210
22222221
8
4
22222202
22222200
22222210
22222221
8
4
22222202
22222200
22222210
22222221
8
4
22222202
22222200
22222210
22222221
8
4
22222202
22222200
22222210
22222221
8
4
22222202
22222200
22222210
22222221
8
4
22222202
22222200
22222210
22222221
8
4
22222202
22222200
22222210
22222221
8
4
22222202
22222200
22222210
22222221
8
4
22222202
22222200
22222210
22222221
8
4
22222202
22222200
22222210
22222221
8
4
22222202
22222200
22222210
22222221
8
4
22222202
22222200
22222210
22222221
8
4
22222202
22222200
22222210
22222221
8
4
22222202
22222200
22222210
22222221
8
4
22222202
22222200
22222210
22222221
8
4
22222202
22222200
22222210
22222221
8
4
22222202
22222200
22222210
22222221
8
4
22222202
22222200
22222210
22222221
8
4
22222202
22222200
22222210
22222221
8
4
22222202
22222200
22222210
22222221
8
4
22222202
22222200
22222210
22222221
8
4
22222202
22222200
22222210
22222221
8
4
22222202
22222200
22222210
22222221
8
4
22222202
22222200
22222210
22222221
8
4
22222202
22222200
22222210
22222221
8
4
22222202
22222200
22222210
22222221
8
4
22222202
22222200
22222210
22222221
8
4
22222202
22222200
22222210
22222221
8
4
22222202
22222200
22222210
22222221
8
4
22222202
22222200
22222210
22222221
8
4
22222202
22222200
22222210
22222221
8
4
22222202
22222200
22222210
22222221
8
4
22222202
22222200
22222210
22222221
8
4
22222202
22222200
22222210
22222221
8
4
22222202
22222200
22222210
22222221
8
4
22222202
22222200
22222210
22222221
8
4
22222202
22222200
22222210
22222221
8
4
22222202
22222200
22222210
22222221
8
4
22222202
22222200
22222210
22222221
8
4
22222202
22222200
22222210
22222221
8
4
22222202
22222200
22222210
22222221
8
4
22222202
22222200
22222210
22222221
8
4
22222202
22222200
22222210
22222221
8
4
22222202
22222200
22222210
22222221
8
4
22222202
22222200
22222210
22222221
8
4
22222202
22222200
22222210
22222221
8
4
22222202
22222200
22222210
22222221
8
4
22222202
22222200
22222210
22222221
8
4
22222202
22222200
22222210
22222221
8
4
22222202
22222200
22222210
22222221
8
4
22222202
22222200
22222210
22222221
8
4
22222202
22222200
22222210
22222221
8
4
22222202
22222200
22222210
22222221
8
4
22222202
22222200
22222210
22222221
8
4
22222202
22222200
22222210
22222221
8
4
22222202
22222200
22222210
22222221
8
4
22222202
22222200
22222210
22222221
8
4
22222202
22222200
22222210
22222221
8
4
22222202
22222200
22222210
22222221
8
4
22222202
22222200
22222210
22222221
8
4
22222202
22222200
22222210
22222221
8
4
22222202
22222200
22222210
22222221
8
4
22222202
22222200
22222210
22222221
8
4
22222202
22222200
22222210
22222221
8
4
22222202
22222200
22222210
22222221
8
4
22222202
22222200
22222210
22222221
8
4
22222202
22222200
22222210
22222221
8
4
22222202
22222200
22222210
22222221
8
4
22222202
22222200
22222210
22222221
8
4
22222202
22222200
22222210
22222221
8
4
22222202
22222200
22222210
22222221
8
4
22222202
22222200
22222210
22222221
8
4
22222202
22222200
22222210
22222221
8
4
22222202
22222200
22222210
22222221
8
4
22222202
22222200
22222210
22222221
8
4
22222202
22222200
22222210
22222221
8
4
22222202
22222200
22222210
22222221
8
4
22222202
22222200
22222210
22222221
8
4
22222202
22222200
22222210
22222221
8
4
22222202
22222200
22222210
22222221
8
4
22222202
22222200
22222210
22222221
8
4
22222202
22222200
22222210
22222221
8
4
22222202
22222200
22222210
22222221
8
4
22222202
22222200
22222210
22222221
8
4
22222202
22222200
22222210
22222221
8
4
22222202
22222200
22222210
22222221
8
4
22222202
22222200
22222210
22222221
8
4
22222202
22222200
22222210
22222221
8
4
22222202
22222200
22222210
22222221
8
4
22222202
22222200
22222210
22222221
8
4
22222202
22222200
22222210
22222221
8
4
22222202
22222200
22222210
22222221
8
4
22222202
22222200
22222210
22222221
8
4
22222202
22222200
22222210
22222221
8
4
22222202
22222200
22222210
22222221
8
4
22222202
22222200
22222210
22222221
8
4
22222202
22222200
22222210
22222221
8
4
22222202
22222200
22222210
22222221
8
4
22222202
22222200
22222210
22222221
8
4
22222202
22222200
22222210
22222221
8
4
22222202
22222200
22222210
22222221
8
4
22222202
22222200
22222210
22222221
8
4
22222202
22222200
22222210
22222221
8
4
22222202
22222200
22222210
22222221
8
4
22222202
22222200
22222210
22222221
8
4
22222202
22222200
22222210
22222221
8
4
22222202
22222200
22222210
22222221
8
4
22222202
22222200
22222210
22222221
8
4
22222202
22222200
22222210
22222221
8
4
22222202
22222200
22222210
22222221
8
4
22222202
22222200
22222210
22222221
8
4
22222202
22222200
22222210
22222221
8
4
22222202
22222200
22222210
22222221
8
4
22222202
22222200
22222210
22222221
8
4
22222202
22222200
22222210
22222221
8
4
22222202
22222200
22222210
22222221
8
4
22222202
22222200
22222210
22222221
8
4
22222202
22222200
22222210
22222221
8
4
22222202
22222200
22222210
22222221
8
4
22222202
22222200
22222210
22222221
8
4
22222202
22222200
22222210
22222221
8
4
22222202
22222200
22222210
22222221
8
4
22222202
22222200
22222210
22222221
8
4
22222202
22222200
22222210
22222221
8
4
22222202
22222200
22222210
22222221
8
4
22222202
22222200
22222210
22222221
8
4
22222202
22222200
22222210
22222221
8
4
22222202
22222200
22222210
22222221
8
4
22222202
22222200
22222210
22222221
8
4
22222202
22222200
22222210
22222221
8
4
22222202
22222200
22222210
22222221
8
4
22222202
22222200
22222210
22222221
8
6
02222222
02222212
12222202
12222212
22220202
22220212
8
4
02222222
02222212
12222202
12222212
8
7
02222212
12221211
12222212
22222201
22220200
22220210
22220221
8
7
02222212
12221211
12222212
22222201
22220200
22220210
22220221
8
7
02222212
12221211
12222212
22222201
22220200
22220210
22220221
8
7
02222212
12221211
12222212
22222201
22220200
22220210
22220221
8
7
02222212
12221211
12222212
22222201
22220200
22220210
22220221
8
7
02222212
12221211
12222212
22222201
22220200
22220210
22220221
8
7
02222212
12221211
12222212
22222201
22220200
22220210
22220221
8
7
02222212
12221211
12222212
22222201
22220200
22220210
22220221
8
7
02222212
12221211
12222212
22222201
22220200
22220210
22220221
8
7
02222212
12221211
12222212
22222201
22220200
22220210
22220221
8
6
22221211
22222212
22222201
22220200
22220210
22220221
8
6
22221211
22222212
22222201
22220200
22220210
22220221
8
3
22222221
22220220
22220221
8
1
22222221
8
5
01221202
10221202
11221212
12222212
22220222
8
5
01221202
10221202
11221212
12222212
22220222
8
5
01221202
10221202
11221212
12222212
22220222
8
5
01221202
10221202
11221212
12222212
22220222
8
5
01221202
10221202
11221212
12222212
22220222
8
5
01221202
10221202
11221212
12222212
22220222
8
5
01221202
10221202
11221212
12222212
22220222
8
5
01221202
10221202
11221212
12222212
22220222
8
3
11221222
12222222
22220222
8
1
22220222
8
6
00122222
01022221
10022221
10122222
20022220
21122221
8
6
00122222
01022221
10022221
10122222
20022220
21122221
8
4
20022221
20122222
20022220
21122221
8
4
20022221
20122222
20022220
21122221
8
2
20222222
21222221
8
1
20222222
8
6
00122222
02122222
11222221
12222222
20022220
20122221
8
6
00122222
02122222
11222221
12222222
20022220
20122221
8
4
20122222
22122222
20022220
20122221
8
1
22122222
8
5
00122222
02122212
10122202
12222212
20022222
8
2
02122212
12222212
