8
5
20202202
20202210
22202200
22222210
22222221
8
2
22222210
22222221
8
2
22222210
22222221
8
1
22222221
8
3
20202222
20222222
21202222
8
1
20222222
8
9
22021212
22021221
22120212
22122212
22122212
22122222
22220210
22220221
22222212
8
3
22021221
22122222
22220221
8
3
22021221
22122222
22220221
8
1
22122222
8
2
21221222
22220222
8
1
22220222
8
2
20221222
22220222
8
1
22220222
8
4
02202212
02222202
02222212
12202202
8
2
02222202
02222212
8
3
22220222
22221022
22222022
8
1
22220222
8
4
20220221
20221221
22220220
22220221
8
2
22220220
22220221
8
10
02022022
02022022
02022122
11222022
11222122
12122022
12122022
12122222
12222022
22122022
8
8
02022022
02022022
02022122
12122022
12122022
12122222
12222022
22122022
8
4
22222012
22222012
22222022
22222202
8
1
22222202
8
6
02222212
02222222
12222202
12222212
22220202
22220212
8
4
02222212
02222222
12222202
12222212
8
3
22220220
22220221
22222221
8
1
22222221
8
3
11221222
12222222
22220222
8
1
22220222
8
3
00222222
10222222
21222221
8
2
00222222
10222222
8
4
20022220
20122221
20122222
22122222
8
1
22122222
8
5
00122222
02122212
10122202
12222212
20022222
8
2
02122212
12222212
